1.0
17.736301	0.0	0.0
0.000000	30.720174	0.0
0.000000	0.000000	100.000000
156	52	
0.019231	0.038461	0
0.403845997	0.141026001	0
0.269229998	0.121795001	0
0.288461998	0.076923001	0
0.134614999	0.102564001	0
0.307692998	0.198718002	0
0.423076997	0.096154001	0
0.192306999	0.134615001	0
0.153845999	0.057692	0
0.038461	0.160257001	0
0.461538997	0.173077001	0
0.230768998	0.044871	0
0.461538997	0.00641	0
0.384615997	0.019231	0
0.115383999	0.480769004	0
0.192306999	0.467949004	0
0.307692998	0.365385003	0
0.076922999	0.403846003	0
0.038461	0.326923003	0
0.019231	0.371795003	0
0.346153998	0.442307004	0
0.173076999	0.346154003	0
0.153845999	0.391025003	0
0.442307997	0.384616003	0
0.288461998	0.410256003	0
0.423076997	0.429487004	0
0.480768997	0.294871002	0
0.384615997	0.352564003	0
0.365384997	0.230769002	0
0.211537999	0.256410002	0
0.269229998	0.288462002	0
0.346153998	0.275641002	0
0.096153999	0.192308002	0
0.076922999	0.237180002	0
0.230768998	0.211539002	0
0.115383999	0.314102003	0
0	0.083334001	0
0	0.250000002	0
0.557691996	0.115384001	0
0.826922994	0.153846001	0
0.769229994	0.121795001	0
0.807692995	0.198718002	0
0.923076994	0.096154001	0
0.673076996	0.179487002	0
0.692306995	0.134615001	0
0.653845995	0.057692	0
0.538461996	0.160257001	0
0.961538993	0.173077001	0
0.942307994	0.217949002	0
0.730768995	0.044871	0
0.596153996	0.025641	0
0.961538993	0.00641	0
0.865384994	0.064103001	0
0.884615994	0.019231	0
0.615383996	0.480769004	0
0.980768993	0.461538004	0
0.692306995	0.467949004	0
0.807692995	0.365385003	0
0.711537995	0.423077004	0
0.576922996	0.403846003	0
0.557691996	0.448718004	0
0.538461996	0.326923003	0
0.846153994	0.442307004	0
0.653845995	0.391025003	0
0.826922994	0.487180004	0
0.923076994	0.429487004	0
0.884615994	0.352564003	0
0.769229994	0.288462002	0
0.846153994	0.275641002	0
0.903845994	0.307692003	0
0.576922996	0.237180002	0
0.730768995	0.211539002	0
0.634614996	0.269231002	0
0.615383996	0.314102003	0
0.499999997	0.083334001	0
0.499999997	0.250000002	0
0.749999995	0	0
0.749999995	0.333333003	0
0.057692	0.615385005	0
0.326922998	0.653846006	0
0.269229998	0.621795005	0
0.307692998	0.698718006	0
0.423076997	0.596154005	0
0.173076999	0.679487006	0
0.192306999	0.634616005	0
0.153845999	0.557692005	0
0.038461	0.660256006	0
0.461538997	0.673077006	0
0.442307997	0.717948006	0
0.230768998	0.544872005	0
0.096153999	0.525641005	0
0.461538997	0.506410004	0
0.365384997	0.564103005	0
0.384615997	0.519231004	0
0.115383999	0.980769008	0
0.480768997	0.961538008	0
0.192306999	0.967949008	0
0.307692998	0.865384007	0
0.211537999	0.923077008	0
0.076922999	0.903846008	0
0.057692	0.948718008	0
0.038461	0.826923007	0
0.346153998	0.942307008	0
0.153845999	0.891026008	0
0.326922998	0.987180008	0
0.423076997	0.929487008	0
0.384615997	0.852564007	0
0.269229998	0.788461007	0
0.346153998	0.775641006	0
0.403845997	0.807692007	0
0.076922999	0.737179006	0
0.230768998	0.711539006	0
0.134614999	0.769231007	0
0.115383999	0.814102007	0
0	0.583334005	0
0	0.750000006	0
0.249999998	0.500000004	0
0.249999998	0.833333007	0
0.519230996	0.538461004	0
0.903845994	0.641026005	0
0.769229994	0.621795005	0
0.788460995	0.576923005	0
0.634614996	0.602564005	0
0.807692995	0.698718006	0
0.923076994	0.596154005	0
0.692306995	0.634616005	0
0.653845995	0.557692005	0
0.538461996	0.660256006	0
0.961538993	0.673077006	0
0.730768995	0.544872005	0
0.961538993	0.506410004	0
0.884615994	0.519231004	0
0.615383996	0.980769008	0
0.692306995	0.967949008	0
0.807692995	0.865384007	0
0.576922996	0.903846008	0
0.538461996	0.826923007	0
0.519230996	0.871795007	0
0.846153994	0.942307008	0
0.673076996	0.846153007	0
0.653845995	0.891026008	0
0.942307994	0.884615007	0
0.788460995	0.910257008	0
0.923076994	0.929487008	0
0.980768993	0.794871007	0
0.884615994	0.852564007	0
0.865384994	0.730769006	0
0.711537995	0.756410006	0
0.769229994	0.788461007	0
0.846153994	0.775641006	0
0.596153996	0.692308006	0
0.576922996	0.737179006	0
0.730768995	0.711539006	0
0.615383996	0.814102007	0
0.499999997	0.583334005	0
0.499999997	0.750000006	0
0.057692	0.115384001	0
0.326922998	0.153846001	0
0.173076999	0.179487002	0
0.442307997	0.217949002	0
0.096153999	0.025641	0
0.365384997	0.064103001	0
0.480768997	0.461538004	0
0.211537999	0.423077004	0
0.057692	0.448718004	0
0.326922998	0.487180004	0
0.403845997	0.307692003	0
0.134614999	0.269231002	0
0.249999998	0	0
0.249999998	0.333333003	0
0.519230996	0.038461	0
0.903845994	0.141026001	0
0.788460995	0.076923001	0
0.634614996	0.102564001	0
0.519230996	0.371795003	0
0.673076996	0.346154003	0
0.942307994	0.384616003	0
0.788460995	0.410256003	0
0.980768993	0.294871002	0
0.865384994	0.230769002	0
0.711537995	0.256410002	0
0.596153996	0.192308002	0
0.019231	0.538461004	0
0.403845997	0.641026005	0
0.288461998	0.576923005	0
0.134614999	0.602564005	0
0.019231	0.871795007	0
0.173076999	0.846153007	0
0.442307997	0.884615007	0
0.288461998	0.910257008	0
0.480768997	0.794871007	0
0.365384997	0.730769006	0
0.211537999	0.756410006	0
0.096153999	0.692308006	0
0.557691996	0.615385005	0
0.826922994	0.653846006	0
0.673076996	0.679487006	0
0.942307994	0.717948006	0
0.596153996	0.525641005	0
0.865384994	0.564103005	0
0.980768993	0.961538008	0
0.711537995	0.923077008	0
0.557691996	0.948718008	0
0.826922994	0.987180008	0
0.903845994	0.807692007	0
0.634614996	0.769231007	0
0.749999995	0.500000004	0
0.749999995	0.833333007	0
