4 4 4 52
Map file for 4x4x4 USER_LATT cell.
0 0 0 0 1
0 0 0 1 2
0 0 0 2 3
0 0 0 3 4
0 0 0 4 5
0 0 0 5 6
0 0 0 6 7
0 0 0 7 8
0 0 0 8 9
0 0 0 9 10
0 0 0 10 11
0 0 0 11 12
0 0 0 12 13
0 0 0 13 14
0 0 0 14 15
0 0 0 15 16
0 0 0 16 17
0 0 0 17 18
0 0 0 18 19
0 0 0 19 20
0 0 0 20 21
0 0 0 21 22
0 0 0 22 23
0 0 0 23 24
0 0 0 24 25
0 0 0 25 26
0 0 0 26 27
0 0 0 27 28
0 0 0 28 29
0 0 0 29 30
0 0 0 30 31
0 0 0 31 32
0 0 0 32 33
0 0 0 33 34
0 0 0 34 35
0 0 0 35 36
0 0 0 36 37
0 0 0 37 38
0 0 0 38 39
0 0 0 39 40
0 0 0 40 41
0 0 0 41 42
0 0 0 42 43
0 0 0 43 44
0 0 0 44 45
0 0 0 45 46
0 0 0 46 47
0 0 0 47 48
0 0 0 48 49
0 0 0 49 50
0 0 0 50 51
0 0 0 51 52
1 0 0 0 53
1 0 0 1 54
1 0 0 2 55
1 0 0 3 56
1 0 0 4 57
1 0 0 5 58
1 0 0 6 59
1 0 0 7 60
1 0 0 8 61
1 0 0 9 62
1 0 0 10 63
1 0 0 11 64
1 0 0 12 65
1 0 0 13 66
1 0 0 14 67
1 0 0 15 68
1 0 0 16 69
1 0 0 17 70
1 0 0 18 71
1 0 0 19 72
1 0 0 20 73
1 0 0 21 74
1 0 0 22 75
1 0 0 23 76
1 0 0 24 77
1 0 0 25 78
1 0 0 26 79
1 0 0 27 80
1 0 0 28 81
1 0 0 29 82
1 0 0 30 83
1 0 0 31 84
1 0 0 32 85
1 0 0 33 86
1 0 0 34 87
1 0 0 35 88
1 0 0 36 89
1 0 0 37 90
1 0 0 38 91
1 0 0 39 92
1 0 0 40 93
1 0 0 41 94
1 0 0 42 95
1 0 0 43 96
1 0 0 44 97
1 0 0 45 98
1 0 0 46 99
1 0 0 47 100
1 0 0 48 101
1 0 0 49 102
1 0 0 50 103
1 0 0 51 104
2 0 0 0 105
2 0 0 1 106
2 0 0 2 107
2 0 0 3 108
2 0 0 4 109
2 0 0 5 110
2 0 0 6 111
2 0 0 7 112
2 0 0 8 113
2 0 0 9 114
2 0 0 10 115
2 0 0 11 116
2 0 0 12 117
2 0 0 13 118
2 0 0 14 119
2 0 0 15 120
2 0 0 16 121
2 0 0 17 122
2 0 0 18 123
2 0 0 19 124
2 0 0 20 125
2 0 0 21 126
2 0 0 22 127
2 0 0 23 128
2 0 0 24 129
2 0 0 25 130
2 0 0 26 131
2 0 0 27 132
2 0 0 28 133
2 0 0 29 134
2 0 0 30 135
2 0 0 31 136
2 0 0 32 137
2 0 0 33 138
2 0 0 34 139
2 0 0 35 140
2 0 0 36 141
2 0 0 37 142
2 0 0 38 143
2 0 0 39 144
2 0 0 40 145
2 0 0 41 146
2 0 0 42 147
2 0 0 43 148
2 0 0 44 149
2 0 0 45 150
2 0 0 46 151
2 0 0 47 152
2 0 0 48 153
2 0 0 49 154
2 0 0 50 155
2 0 0 51 156
3 0 0 0 157
3 0 0 1 158
3 0 0 2 159
3 0 0 3 160
3 0 0 4 161
3 0 0 5 162
3 0 0 6 163
3 0 0 7 164
3 0 0 8 165
3 0 0 9 166
3 0 0 10 167
3 0 0 11 168
3 0 0 12 169
3 0 0 13 170
3 0 0 14 171
3 0 0 15 172
3 0 0 16 173
3 0 0 17 174
3 0 0 18 175
3 0 0 19 176
3 0 0 20 177
3 0 0 21 178
3 0 0 22 179
3 0 0 23 180
3 0 0 24 181
3 0 0 25 182
3 0 0 26 183
3 0 0 27 184
3 0 0 28 185
3 0 0 29 186
3 0 0 30 187
3 0 0 31 188
3 0 0 32 189
3 0 0 33 190
3 0 0 34 191
3 0 0 35 192
3 0 0 36 193
3 0 0 37 194
3 0 0 38 195
3 0 0 39 196
3 0 0 40 197
3 0 0 41 198
3 0 0 42 199
3 0 0 43 200
3 0 0 44 201
3 0 0 45 202
3 0 0 46 203
3 0 0 47 204
3 0 0 48 205
3 0 0 49 206
3 0 0 50 207
3 0 0 51 208
0 1 0 0 209
0 1 0 1 210
0 1 0 2 211
0 1 0 3 212
0 1 0 4 213
0 1 0 5 214
0 1 0 6 215
0 1 0 7 216
0 1 0 8 217
0 1 0 9 218
0 1 0 10 219
0 1 0 11 220
0 1 0 12 221
0 1 0 13 222
0 1 0 14 223
0 1 0 15 224
0 1 0 16 225
0 1 0 17 226
0 1 0 18 227
0 1 0 19 228
0 1 0 20 229
0 1 0 21 230
0 1 0 22 231
0 1 0 23 232
0 1 0 24 233
0 1 0 25 234
0 1 0 26 235
0 1 0 27 236
0 1 0 28 237
0 1 0 29 238
0 1 0 30 239
0 1 0 31 240
0 1 0 32 241
0 1 0 33 242
0 1 0 34 243
0 1 0 35 244
0 1 0 36 245
0 1 0 37 246
0 1 0 38 247
0 1 0 39 248
0 1 0 40 249
0 1 0 41 250
0 1 0 42 251
0 1 0 43 252
0 1 0 44 253
0 1 0 45 254
0 1 0 46 255
0 1 0 47 256
0 1 0 48 257
0 1 0 49 258
0 1 0 50 259
0 1 0 51 260
1 1 0 0 261
1 1 0 1 262
1 1 0 2 263
1 1 0 3 264
1 1 0 4 265
1 1 0 5 266
1 1 0 6 267
1 1 0 7 268
1 1 0 8 269
1 1 0 9 270
1 1 0 10 271
1 1 0 11 272
1 1 0 12 273
1 1 0 13 274
1 1 0 14 275
1 1 0 15 276
1 1 0 16 277
1 1 0 17 278
1 1 0 18 279
1 1 0 19 280
1 1 0 20 281
1 1 0 21 282
1 1 0 22 283
1 1 0 23 284
1 1 0 24 285
1 1 0 25 286
1 1 0 26 287
1 1 0 27 288
1 1 0 28 289
1 1 0 29 290
1 1 0 30 291
1 1 0 31 292
1 1 0 32 293
1 1 0 33 294
1 1 0 34 295
1 1 0 35 296
1 1 0 36 297
1 1 0 37 298
1 1 0 38 299
1 1 0 39 300
1 1 0 40 301
1 1 0 41 302
1 1 0 42 303
1 1 0 43 304
1 1 0 44 305
1 1 0 45 306
1 1 0 46 307
1 1 0 47 308
1 1 0 48 309
1 1 0 49 310
1 1 0 50 311
1 1 0 51 312
2 1 0 0 313
2 1 0 1 314
2 1 0 2 315
2 1 0 3 316
2 1 0 4 317
2 1 0 5 318
2 1 0 6 319
2 1 0 7 320
2 1 0 8 321
2 1 0 9 322
2 1 0 10 323
2 1 0 11 324
2 1 0 12 325
2 1 0 13 326
2 1 0 14 327
2 1 0 15 328
2 1 0 16 329
2 1 0 17 330
2 1 0 18 331
2 1 0 19 332
2 1 0 20 333
2 1 0 21 334
2 1 0 22 335
2 1 0 23 336
2 1 0 24 337
2 1 0 25 338
2 1 0 26 339
2 1 0 27 340
2 1 0 28 341
2 1 0 29 342
2 1 0 30 343
2 1 0 31 344
2 1 0 32 345
2 1 0 33 346
2 1 0 34 347
2 1 0 35 348
2 1 0 36 349
2 1 0 37 350
2 1 0 38 351
2 1 0 39 352
2 1 0 40 353
2 1 0 41 354
2 1 0 42 355
2 1 0 43 356
2 1 0 44 357
2 1 0 45 358
2 1 0 46 359
2 1 0 47 360
2 1 0 48 361
2 1 0 49 362
2 1 0 50 363
2 1 0 51 364
3 1 0 0 365
3 1 0 1 366
3 1 0 2 367
3 1 0 3 368
3 1 0 4 369
3 1 0 5 370
3 1 0 6 371
3 1 0 7 372
3 1 0 8 373
3 1 0 9 374
3 1 0 10 375
3 1 0 11 376
3 1 0 12 377
3 1 0 13 378
3 1 0 14 379
3 1 0 15 380
3 1 0 16 381
3 1 0 17 382
3 1 0 18 383
3 1 0 19 384
3 1 0 20 385
3 1 0 21 386
3 1 0 22 387
3 1 0 23 388
3 1 0 24 389
3 1 0 25 390
3 1 0 26 391
3 1 0 27 392
3 1 0 28 393
3 1 0 29 394
3 1 0 30 395
3 1 0 31 396
3 1 0 32 397
3 1 0 33 398
3 1 0 34 399
3 1 0 35 400
3 1 0 36 401
3 1 0 37 402
3 1 0 38 403
3 1 0 39 404
3 1 0 40 405
3 1 0 41 406
3 1 0 42 407
3 1 0 43 408
3 1 0 44 409
3 1 0 45 410
3 1 0 46 411
3 1 0 47 412
3 1 0 48 413
3 1 0 49 414
3 1 0 50 415
3 1 0 51 416
0 2 0 0 417
0 2 0 1 418
0 2 0 2 419
0 2 0 3 420
0 2 0 4 421
0 2 0 5 422
0 2 0 6 423
0 2 0 7 424
0 2 0 8 425
0 2 0 9 426
0 2 0 10 427
0 2 0 11 428
0 2 0 12 429
0 2 0 13 430
0 2 0 14 431
0 2 0 15 432
0 2 0 16 433
0 2 0 17 434
0 2 0 18 435
0 2 0 19 436
0 2 0 20 437
0 2 0 21 438
0 2 0 22 439
0 2 0 23 440
0 2 0 24 441
0 2 0 25 442
0 2 0 26 443
0 2 0 27 444
0 2 0 28 445
0 2 0 29 446
0 2 0 30 447
0 2 0 31 448
0 2 0 32 449
0 2 0 33 450
0 2 0 34 451
0 2 0 35 452
0 2 0 36 453
0 2 0 37 454
0 2 0 38 455
0 2 0 39 456
0 2 0 40 457
0 2 0 41 458
0 2 0 42 459
0 2 0 43 460
0 2 0 44 461
0 2 0 45 462
0 2 0 46 463
0 2 0 47 464
0 2 0 48 465
0 2 0 49 466
0 2 0 50 467
0 2 0 51 468
1 2 0 0 469
1 2 0 1 470
1 2 0 2 471
1 2 0 3 472
1 2 0 4 473
1 2 0 5 474
1 2 0 6 475
1 2 0 7 476
1 2 0 8 477
1 2 0 9 478
1 2 0 10 479
1 2 0 11 480
1 2 0 12 481
1 2 0 13 482
1 2 0 14 483
1 2 0 15 484
1 2 0 16 485
1 2 0 17 486
1 2 0 18 487
1 2 0 19 488
1 2 0 20 489
1 2 0 21 490
1 2 0 22 491
1 2 0 23 492
1 2 0 24 493
1 2 0 25 494
1 2 0 26 495
1 2 0 27 496
1 2 0 28 497
1 2 0 29 498
1 2 0 30 499
1 2 0 31 500
1 2 0 32 501
1 2 0 33 502
1 2 0 34 503
1 2 0 35 504
1 2 0 36 505
1 2 0 37 506
1 2 0 38 507
1 2 0 39 508
1 2 0 40 509
1 2 0 41 510
1 2 0 42 511
1 2 0 43 512
1 2 0 44 513
1 2 0 45 514
1 2 0 46 515
1 2 0 47 516
1 2 0 48 517
1 2 0 49 518
1 2 0 50 519
1 2 0 51 520
2 2 0 0 521
2 2 0 1 522
2 2 0 2 523
2 2 0 3 524
2 2 0 4 525
2 2 0 5 526
2 2 0 6 527
2 2 0 7 528
2 2 0 8 529
2 2 0 9 530
2 2 0 10 531
2 2 0 11 532
2 2 0 12 533
2 2 0 13 534
2 2 0 14 535
2 2 0 15 536
2 2 0 16 537
2 2 0 17 538
2 2 0 18 539
2 2 0 19 540
2 2 0 20 541
2 2 0 21 542
2 2 0 22 543
2 2 0 23 544
2 2 0 24 545
2 2 0 25 546
2 2 0 26 547
2 2 0 27 548
2 2 0 28 549
2 2 0 29 550
2 2 0 30 551
2 2 0 31 552
2 2 0 32 553
2 2 0 33 554
2 2 0 34 555
2 2 0 35 556
2 2 0 36 557
2 2 0 37 558
2 2 0 38 559
2 2 0 39 560
2 2 0 40 561
2 2 0 41 562
2 2 0 42 563
2 2 0 43 564
2 2 0 44 565
2 2 0 45 566
2 2 0 46 567
2 2 0 47 568
2 2 0 48 569
2 2 0 49 570
2 2 0 50 571
2 2 0 51 572
3 2 0 0 573
3 2 0 1 574
3 2 0 2 575
3 2 0 3 576
3 2 0 4 577
3 2 0 5 578
3 2 0 6 579
3 2 0 7 580
3 2 0 8 581
3 2 0 9 582
3 2 0 10 583
3 2 0 11 584
3 2 0 12 585
3 2 0 13 586
3 2 0 14 587
3 2 0 15 588
3 2 0 16 589
3 2 0 17 590
3 2 0 18 591
3 2 0 19 592
3 2 0 20 593
3 2 0 21 594
3 2 0 22 595
3 2 0 23 596
3 2 0 24 597
3 2 0 25 598
3 2 0 26 599
3 2 0 27 600
3 2 0 28 601
3 2 0 29 602
3 2 0 30 603
3 2 0 31 604
3 2 0 32 605
3 2 0 33 606
3 2 0 34 607
3 2 0 35 608
3 2 0 36 609
3 2 0 37 610
3 2 0 38 611
3 2 0 39 612
3 2 0 40 613
3 2 0 41 614
3 2 0 42 615
3 2 0 43 616
3 2 0 44 617
3 2 0 45 618
3 2 0 46 619
3 2 0 47 620
3 2 0 48 621
3 2 0 49 622
3 2 0 50 623
3 2 0 51 624
0 3 0 0 625
0 3 0 1 626
0 3 0 2 627
0 3 0 3 628
0 3 0 4 629
0 3 0 5 630
0 3 0 6 631
0 3 0 7 632
0 3 0 8 633
0 3 0 9 634
0 3 0 10 635
0 3 0 11 636
0 3 0 12 637
0 3 0 13 638
0 3 0 14 639
0 3 0 15 640
0 3 0 16 641
0 3 0 17 642
0 3 0 18 643
0 3 0 19 644
0 3 0 20 645
0 3 0 21 646
0 3 0 22 647
0 3 0 23 648
0 3 0 24 649
0 3 0 25 650
0 3 0 26 651
0 3 0 27 652
0 3 0 28 653
0 3 0 29 654
0 3 0 30 655
0 3 0 31 656
0 3 0 32 657
0 3 0 33 658
0 3 0 34 659
0 3 0 35 660
0 3 0 36 661
0 3 0 37 662
0 3 0 38 663
0 3 0 39 664
0 3 0 40 665
0 3 0 41 666
0 3 0 42 667
0 3 0 43 668
0 3 0 44 669
0 3 0 45 670
0 3 0 46 671
0 3 0 47 672
0 3 0 48 673
0 3 0 49 674
0 3 0 50 675
0 3 0 51 676
1 3 0 0 677
1 3 0 1 678
1 3 0 2 679
1 3 0 3 680
1 3 0 4 681
1 3 0 5 682
1 3 0 6 683
1 3 0 7 684
1 3 0 8 685
1 3 0 9 686
1 3 0 10 687
1 3 0 11 688
1 3 0 12 689
1 3 0 13 690
1 3 0 14 691
1 3 0 15 692
1 3 0 16 693
1 3 0 17 694
1 3 0 18 695
1 3 0 19 696
1 3 0 20 697
1 3 0 21 698
1 3 0 22 699
1 3 0 23 700
1 3 0 24 701
1 3 0 25 702
1 3 0 26 703
1 3 0 27 704
1 3 0 28 705
1 3 0 29 706
1 3 0 30 707
1 3 0 31 708
1 3 0 32 709
1 3 0 33 710
1 3 0 34 711
1 3 0 35 712
1 3 0 36 713
1 3 0 37 714
1 3 0 38 715
1 3 0 39 716
1 3 0 40 717
1 3 0 41 718
1 3 0 42 719
1 3 0 43 720
1 3 0 44 721
1 3 0 45 722
1 3 0 46 723
1 3 0 47 724
1 3 0 48 725
1 3 0 49 726
1 3 0 50 727
1 3 0 51 728
2 3 0 0 729
2 3 0 1 730
2 3 0 2 731
2 3 0 3 732
2 3 0 4 733
2 3 0 5 734
2 3 0 6 735
2 3 0 7 736
2 3 0 8 737
2 3 0 9 738
2 3 0 10 739
2 3 0 11 740
2 3 0 12 741
2 3 0 13 742
2 3 0 14 743
2 3 0 15 744
2 3 0 16 745
2 3 0 17 746
2 3 0 18 747
2 3 0 19 748
2 3 0 20 749
2 3 0 21 750
2 3 0 22 751
2 3 0 23 752
2 3 0 24 753
2 3 0 25 754
2 3 0 26 755
2 3 0 27 756
2 3 0 28 757
2 3 0 29 758
2 3 0 30 759
2 3 0 31 760
2 3 0 32 761
2 3 0 33 762
2 3 0 34 763
2 3 0 35 764
2 3 0 36 765
2 3 0 37 766
2 3 0 38 767
2 3 0 39 768
2 3 0 40 769
2 3 0 41 770
2 3 0 42 771
2 3 0 43 772
2 3 0 44 773
2 3 0 45 774
2 3 0 46 775
2 3 0 47 776
2 3 0 48 777
2 3 0 49 778
2 3 0 50 779
2 3 0 51 780
3 3 0 0 781
3 3 0 1 782
3 3 0 2 783
3 3 0 3 784
3 3 0 4 785
3 3 0 5 786
3 3 0 6 787
3 3 0 7 788
3 3 0 8 789
3 3 0 9 790
3 3 0 10 791
3 3 0 11 792
3 3 0 12 793
3 3 0 13 794
3 3 0 14 795
3 3 0 15 796
3 3 0 16 797
3 3 0 17 798
3 3 0 18 799
3 3 0 19 800
3 3 0 20 801
3 3 0 21 802
3 3 0 22 803
3 3 0 23 804
3 3 0 24 805
3 3 0 25 806
3 3 0 26 807
3 3 0 27 808
3 3 0 28 809
3 3 0 29 810
3 3 0 30 811
3 3 0 31 812
3 3 0 32 813
3 3 0 33 814
3 3 0 34 815
3 3 0 35 816
3 3 0 36 817
3 3 0 37 818
3 3 0 38 819
3 3 0 39 820
3 3 0 40 821
3 3 0 41 822
3 3 0 42 823
3 3 0 43 824
3 3 0 44 825
3 3 0 45 826
3 3 0 46 827
3 3 0 47 828
3 3 0 48 829
3 3 0 49 830
3 3 0 50 831
3 3 0 51 832
0 0 1 0 833
0 0 1 1 834
0 0 1 2 835
0 0 1 3 836
0 0 1 4 837
0 0 1 5 838
0 0 1 6 839
0 0 1 7 840
0 0 1 8 841
0 0 1 9 842
0 0 1 10 843
0 0 1 11 844
0 0 1 12 845
0 0 1 13 846
0 0 1 14 847
0 0 1 15 848
0 0 1 16 849
0 0 1 17 850
0 0 1 18 851
0 0 1 19 852
0 0 1 20 853
0 0 1 21 854
0 0 1 22 855
0 0 1 23 856
0 0 1 24 857
0 0 1 25 858
0 0 1 26 859
0 0 1 27 860
0 0 1 28 861
0 0 1 29 862
0 0 1 30 863
0 0 1 31 864
0 0 1 32 865
0 0 1 33 866
0 0 1 34 867
0 0 1 35 868
0 0 1 36 869
0 0 1 37 870
0 0 1 38 871
0 0 1 39 872
0 0 1 40 873
0 0 1 41 874
0 0 1 42 875
0 0 1 43 876
0 0 1 44 877
0 0 1 45 878
0 0 1 46 879
0 0 1 47 880
0 0 1 48 881
0 0 1 49 882
0 0 1 50 883
0 0 1 51 884
1 0 1 0 885
1 0 1 1 886
1 0 1 2 887
1 0 1 3 888
1 0 1 4 889
1 0 1 5 890
1 0 1 6 891
1 0 1 7 892
1 0 1 8 893
1 0 1 9 894
1 0 1 10 895
1 0 1 11 896
1 0 1 12 897
1 0 1 13 898
1 0 1 14 899
1 0 1 15 900
1 0 1 16 901
1 0 1 17 902
1 0 1 18 903
1 0 1 19 904
1 0 1 20 905
1 0 1 21 906
1 0 1 22 907
1 0 1 23 908
1 0 1 24 909
1 0 1 25 910
1 0 1 26 911
1 0 1 27 912
1 0 1 28 913
1 0 1 29 914
1 0 1 30 915
1 0 1 31 916
1 0 1 32 917
1 0 1 33 918
1 0 1 34 919
1 0 1 35 920
1 0 1 36 921
1 0 1 37 922
1 0 1 38 923
1 0 1 39 924
1 0 1 40 925
1 0 1 41 926
1 0 1 42 927
1 0 1 43 928
1 0 1 44 929
1 0 1 45 930
1 0 1 46 931
1 0 1 47 932
1 0 1 48 933
1 0 1 49 934
1 0 1 50 935
1 0 1 51 936
2 0 1 0 937
2 0 1 1 938
2 0 1 2 939
2 0 1 3 940
2 0 1 4 941
2 0 1 5 942
2 0 1 6 943
2 0 1 7 944
2 0 1 8 945
2 0 1 9 946
2 0 1 10 947
2 0 1 11 948
2 0 1 12 949
2 0 1 13 950
2 0 1 14 951
2 0 1 15 952
2 0 1 16 953
2 0 1 17 954
2 0 1 18 955
2 0 1 19 956
2 0 1 20 957
2 0 1 21 958
2 0 1 22 959
2 0 1 23 960
2 0 1 24 961
2 0 1 25 962
2 0 1 26 963
2 0 1 27 964
2 0 1 28 965
2 0 1 29 966
2 0 1 30 967
2 0 1 31 968
2 0 1 32 969
2 0 1 33 970
2 0 1 34 971
2 0 1 35 972
2 0 1 36 973
2 0 1 37 974
2 0 1 38 975
2 0 1 39 976
2 0 1 40 977
2 0 1 41 978
2 0 1 42 979
2 0 1 43 980
2 0 1 44 981
2 0 1 45 982
2 0 1 46 983
2 0 1 47 984
2 0 1 48 985
2 0 1 49 986
2 0 1 50 987
2 0 1 51 988
3 0 1 0 989
3 0 1 1 990
3 0 1 2 991
3 0 1 3 992
3 0 1 4 993
3 0 1 5 994
3 0 1 6 995
3 0 1 7 996
3 0 1 8 997
3 0 1 9 998
3 0 1 10 999
3 0 1 11 1000
3 0 1 12 1001
3 0 1 13 1002
3 0 1 14 1003
3 0 1 15 1004
3 0 1 16 1005
3 0 1 17 1006
3 0 1 18 1007
3 0 1 19 1008
3 0 1 20 1009
3 0 1 21 1010
3 0 1 22 1011
3 0 1 23 1012
3 0 1 24 1013
3 0 1 25 1014
3 0 1 26 1015
3 0 1 27 1016
3 0 1 28 1017
3 0 1 29 1018
3 0 1 30 1019
3 0 1 31 1020
3 0 1 32 1021
3 0 1 33 1022
3 0 1 34 1023
3 0 1 35 1024
3 0 1 36 1025
3 0 1 37 1026
3 0 1 38 1027
3 0 1 39 1028
3 0 1 40 1029
3 0 1 41 1030
3 0 1 42 1031
3 0 1 43 1032
3 0 1 44 1033
3 0 1 45 1034
3 0 1 46 1035
3 0 1 47 1036
3 0 1 48 1037
3 0 1 49 1038
3 0 1 50 1039
3 0 1 51 1040
0 1 1 0 1041
0 1 1 1 1042
0 1 1 2 1043
0 1 1 3 1044
0 1 1 4 1045
0 1 1 5 1046
0 1 1 6 1047
0 1 1 7 1048
0 1 1 8 1049
0 1 1 9 1050
0 1 1 10 1051
0 1 1 11 1052
0 1 1 12 1053
0 1 1 13 1054
0 1 1 14 1055
0 1 1 15 1056
0 1 1 16 1057
0 1 1 17 1058
0 1 1 18 1059
0 1 1 19 1060
0 1 1 20 1061
0 1 1 21 1062
0 1 1 22 1063
0 1 1 23 1064
0 1 1 24 1065
0 1 1 25 1066
0 1 1 26 1067
0 1 1 27 1068
0 1 1 28 1069
0 1 1 29 1070
0 1 1 30 1071
0 1 1 31 1072
0 1 1 32 1073
0 1 1 33 1074
0 1 1 34 1075
0 1 1 35 1076
0 1 1 36 1077
0 1 1 37 1078
0 1 1 38 1079
0 1 1 39 1080
0 1 1 40 1081
0 1 1 41 1082
0 1 1 42 1083
0 1 1 43 1084
0 1 1 44 1085
0 1 1 45 1086
0 1 1 46 1087
0 1 1 47 1088
0 1 1 48 1089
0 1 1 49 1090
0 1 1 50 1091
0 1 1 51 1092
1 1 1 0 1093
1 1 1 1 1094
1 1 1 2 1095
1 1 1 3 1096
1 1 1 4 1097
1 1 1 5 1098
1 1 1 6 1099
1 1 1 7 1100
1 1 1 8 1101
1 1 1 9 1102
1 1 1 10 1103
1 1 1 11 1104
1 1 1 12 1105
1 1 1 13 1106
1 1 1 14 1107
1 1 1 15 1108
1 1 1 16 1109
1 1 1 17 1110
1 1 1 18 1111
1 1 1 19 1112
1 1 1 20 1113
1 1 1 21 1114
1 1 1 22 1115
1 1 1 23 1116
1 1 1 24 1117
1 1 1 25 1118
1 1 1 26 1119
1 1 1 27 1120
1 1 1 28 1121
1 1 1 29 1122
1 1 1 30 1123
1 1 1 31 1124
1 1 1 32 1125
1 1 1 33 1126
1 1 1 34 1127
1 1 1 35 1128
1 1 1 36 1129
1 1 1 37 1130
1 1 1 38 1131
1 1 1 39 1132
1 1 1 40 1133
1 1 1 41 1134
1 1 1 42 1135
1 1 1 43 1136
1 1 1 44 1137
1 1 1 45 1138
1 1 1 46 1139
1 1 1 47 1140
1 1 1 48 1141
1 1 1 49 1142
1 1 1 50 1143
1 1 1 51 1144
2 1 1 0 1145
2 1 1 1 1146
2 1 1 2 1147
2 1 1 3 1148
2 1 1 4 1149
2 1 1 5 1150
2 1 1 6 1151
2 1 1 7 1152
2 1 1 8 1153
2 1 1 9 1154
2 1 1 10 1155
2 1 1 11 1156
2 1 1 12 1157
2 1 1 13 1158
2 1 1 14 1159
2 1 1 15 1160
2 1 1 16 1161
2 1 1 17 1162
2 1 1 18 1163
2 1 1 19 1164
2 1 1 20 1165
2 1 1 21 1166
2 1 1 22 1167
2 1 1 23 1168
2 1 1 24 1169
2 1 1 25 1170
2 1 1 26 1171
2 1 1 27 1172
2 1 1 28 1173
2 1 1 29 1174
2 1 1 30 1175
2 1 1 31 1176
2 1 1 32 1177
2 1 1 33 1178
2 1 1 34 1179
2 1 1 35 1180
2 1 1 36 1181
2 1 1 37 1182
2 1 1 38 1183
2 1 1 39 1184
2 1 1 40 1185
2 1 1 41 1186
2 1 1 42 1187
2 1 1 43 1188
2 1 1 44 1189
2 1 1 45 1190
2 1 1 46 1191
2 1 1 47 1192
2 1 1 48 1193
2 1 1 49 1194
2 1 1 50 1195
2 1 1 51 1196
3 1 1 0 1197
3 1 1 1 1198
3 1 1 2 1199
3 1 1 3 1200
3 1 1 4 1201
3 1 1 5 1202
3 1 1 6 1203
3 1 1 7 1204
3 1 1 8 1205
3 1 1 9 1206
3 1 1 10 1207
3 1 1 11 1208
3 1 1 12 1209
3 1 1 13 1210
3 1 1 14 1211
3 1 1 15 1212
3 1 1 16 1213
3 1 1 17 1214
3 1 1 18 1215
3 1 1 19 1216
3 1 1 20 1217
3 1 1 21 1218
3 1 1 22 1219
3 1 1 23 1220
3 1 1 24 1221
3 1 1 25 1222
3 1 1 26 1223
3 1 1 27 1224
3 1 1 28 1225
3 1 1 29 1226
3 1 1 30 1227
3 1 1 31 1228
3 1 1 32 1229
3 1 1 33 1230
3 1 1 34 1231
3 1 1 35 1232
3 1 1 36 1233
3 1 1 37 1234
3 1 1 38 1235
3 1 1 39 1236
3 1 1 40 1237
3 1 1 41 1238
3 1 1 42 1239
3 1 1 43 1240
3 1 1 44 1241
3 1 1 45 1242
3 1 1 46 1243
3 1 1 47 1244
3 1 1 48 1245
3 1 1 49 1246
3 1 1 50 1247
3 1 1 51 1248
0 2 1 0 1249
0 2 1 1 1250
0 2 1 2 1251
0 2 1 3 1252
0 2 1 4 1253
0 2 1 5 1254
0 2 1 6 1255
0 2 1 7 1256
0 2 1 8 1257
0 2 1 9 1258
0 2 1 10 1259
0 2 1 11 1260
0 2 1 12 1261
0 2 1 13 1262
0 2 1 14 1263
0 2 1 15 1264
0 2 1 16 1265
0 2 1 17 1266
0 2 1 18 1267
0 2 1 19 1268
0 2 1 20 1269
0 2 1 21 1270
0 2 1 22 1271
0 2 1 23 1272
0 2 1 24 1273
0 2 1 25 1274
0 2 1 26 1275
0 2 1 27 1276
0 2 1 28 1277
0 2 1 29 1278
0 2 1 30 1279
0 2 1 31 1280
0 2 1 32 1281
0 2 1 33 1282
0 2 1 34 1283
0 2 1 35 1284
0 2 1 36 1285
0 2 1 37 1286
0 2 1 38 1287
0 2 1 39 1288
0 2 1 40 1289
0 2 1 41 1290
0 2 1 42 1291
0 2 1 43 1292
0 2 1 44 1293
0 2 1 45 1294
0 2 1 46 1295
0 2 1 47 1296
0 2 1 48 1297
0 2 1 49 1298
0 2 1 50 1299
0 2 1 51 1300
1 2 1 0 1301
1 2 1 1 1302
1 2 1 2 1303
1 2 1 3 1304
1 2 1 4 1305
1 2 1 5 1306
1 2 1 6 1307
1 2 1 7 1308
1 2 1 8 1309
1 2 1 9 1310
1 2 1 10 1311
1 2 1 11 1312
1 2 1 12 1313
1 2 1 13 1314
1 2 1 14 1315
1 2 1 15 1316
1 2 1 16 1317
1 2 1 17 1318
1 2 1 18 1319
1 2 1 19 1320
1 2 1 20 1321
1 2 1 21 1322
1 2 1 22 1323
1 2 1 23 1324
1 2 1 24 1325
1 2 1 25 1326
1 2 1 26 1327
1 2 1 27 1328
1 2 1 28 1329
1 2 1 29 1330
1 2 1 30 1331
1 2 1 31 1332
1 2 1 32 1333
1 2 1 33 1334
1 2 1 34 1335
1 2 1 35 1336
1 2 1 36 1337
1 2 1 37 1338
1 2 1 38 1339
1 2 1 39 1340
1 2 1 40 1341
1 2 1 41 1342
1 2 1 42 1343
1 2 1 43 1344
1 2 1 44 1345
1 2 1 45 1346
1 2 1 46 1347
1 2 1 47 1348
1 2 1 48 1349
1 2 1 49 1350
1 2 1 50 1351
1 2 1 51 1352
2 2 1 0 1353
2 2 1 1 1354
2 2 1 2 1355
2 2 1 3 1356
2 2 1 4 1357
2 2 1 5 1358
2 2 1 6 1359
2 2 1 7 1360
2 2 1 8 1361
2 2 1 9 1362
2 2 1 10 1363
2 2 1 11 1364
2 2 1 12 1365
2 2 1 13 1366
2 2 1 14 1367
2 2 1 15 1368
2 2 1 16 1369
2 2 1 17 1370
2 2 1 18 1371
2 2 1 19 1372
2 2 1 20 1373
2 2 1 21 1374
2 2 1 22 1375
2 2 1 23 1376
2 2 1 24 1377
2 2 1 25 1378
2 2 1 26 1379
2 2 1 27 1380
2 2 1 28 1381
2 2 1 29 1382
2 2 1 30 1383
2 2 1 31 1384
2 2 1 32 1385
2 2 1 33 1386
2 2 1 34 1387
2 2 1 35 1388
2 2 1 36 1389
2 2 1 37 1390
2 2 1 38 1391
2 2 1 39 1392
2 2 1 40 1393
2 2 1 41 1394
2 2 1 42 1395
2 2 1 43 1396
2 2 1 44 1397
2 2 1 45 1398
2 2 1 46 1399
2 2 1 47 1400
2 2 1 48 1401
2 2 1 49 1402
2 2 1 50 1403
2 2 1 51 1404
3 2 1 0 1405
3 2 1 1 1406
3 2 1 2 1407
3 2 1 3 1408
3 2 1 4 1409
3 2 1 5 1410
3 2 1 6 1411
3 2 1 7 1412
3 2 1 8 1413
3 2 1 9 1414
3 2 1 10 1415
3 2 1 11 1416
3 2 1 12 1417
3 2 1 13 1418
3 2 1 14 1419
3 2 1 15 1420
3 2 1 16 1421
3 2 1 17 1422
3 2 1 18 1423
3 2 1 19 1424
3 2 1 20 1425
3 2 1 21 1426
3 2 1 22 1427
3 2 1 23 1428
3 2 1 24 1429
3 2 1 25 1430
3 2 1 26 1431
3 2 1 27 1432
3 2 1 28 1433
3 2 1 29 1434
3 2 1 30 1435
3 2 1 31 1436
3 2 1 32 1437
3 2 1 33 1438
3 2 1 34 1439
3 2 1 35 1440
3 2 1 36 1441
3 2 1 37 1442
3 2 1 38 1443
3 2 1 39 1444
3 2 1 40 1445
3 2 1 41 1446
3 2 1 42 1447
3 2 1 43 1448
3 2 1 44 1449
3 2 1 45 1450
3 2 1 46 1451
3 2 1 47 1452
3 2 1 48 1453
3 2 1 49 1454
3 2 1 50 1455
3 2 1 51 1456
0 3 1 0 1457
0 3 1 1 1458
0 3 1 2 1459
0 3 1 3 1460
0 3 1 4 1461
0 3 1 5 1462
0 3 1 6 1463
0 3 1 7 1464
0 3 1 8 1465
0 3 1 9 1466
0 3 1 10 1467
0 3 1 11 1468
0 3 1 12 1469
0 3 1 13 1470
0 3 1 14 1471
0 3 1 15 1472
0 3 1 16 1473
0 3 1 17 1474
0 3 1 18 1475
0 3 1 19 1476
0 3 1 20 1477
0 3 1 21 1478
0 3 1 22 1479
0 3 1 23 1480
0 3 1 24 1481
0 3 1 25 1482
0 3 1 26 1483
0 3 1 27 1484
0 3 1 28 1485
0 3 1 29 1486
0 3 1 30 1487
0 3 1 31 1488
0 3 1 32 1489
0 3 1 33 1490
0 3 1 34 1491
0 3 1 35 1492
0 3 1 36 1493
0 3 1 37 1494
0 3 1 38 1495
0 3 1 39 1496
0 3 1 40 1497
0 3 1 41 1498
0 3 1 42 1499
0 3 1 43 1500
0 3 1 44 1501
0 3 1 45 1502
0 3 1 46 1503
0 3 1 47 1504
0 3 1 48 1505
0 3 1 49 1506
0 3 1 50 1507
0 3 1 51 1508
1 3 1 0 1509
1 3 1 1 1510
1 3 1 2 1511
1 3 1 3 1512
1 3 1 4 1513
1 3 1 5 1514
1 3 1 6 1515
1 3 1 7 1516
1 3 1 8 1517
1 3 1 9 1518
1 3 1 10 1519
1 3 1 11 1520
1 3 1 12 1521
1 3 1 13 1522
1 3 1 14 1523
1 3 1 15 1524
1 3 1 16 1525
1 3 1 17 1526
1 3 1 18 1527
1 3 1 19 1528
1 3 1 20 1529
1 3 1 21 1530
1 3 1 22 1531
1 3 1 23 1532
1 3 1 24 1533
1 3 1 25 1534
1 3 1 26 1535
1 3 1 27 1536
1 3 1 28 1537
1 3 1 29 1538
1 3 1 30 1539
1 3 1 31 1540
1 3 1 32 1541
1 3 1 33 1542
1 3 1 34 1543
1 3 1 35 1544
1 3 1 36 1545
1 3 1 37 1546
1 3 1 38 1547
1 3 1 39 1548
1 3 1 40 1549
1 3 1 41 1550
1 3 1 42 1551
1 3 1 43 1552
1 3 1 44 1553
1 3 1 45 1554
1 3 1 46 1555
1 3 1 47 1556
1 3 1 48 1557
1 3 1 49 1558
1 3 1 50 1559
1 3 1 51 1560
2 3 1 0 1561
2 3 1 1 1562
2 3 1 2 1563
2 3 1 3 1564
2 3 1 4 1565
2 3 1 5 1566
2 3 1 6 1567
2 3 1 7 1568
2 3 1 8 1569
2 3 1 9 1570
2 3 1 10 1571
2 3 1 11 1572
2 3 1 12 1573
2 3 1 13 1574
2 3 1 14 1575
2 3 1 15 1576
2 3 1 16 1577
2 3 1 17 1578
2 3 1 18 1579
2 3 1 19 1580
2 3 1 20 1581
2 3 1 21 1582
2 3 1 22 1583
2 3 1 23 1584
2 3 1 24 1585
2 3 1 25 1586
2 3 1 26 1587
2 3 1 27 1588
2 3 1 28 1589
2 3 1 29 1590
2 3 1 30 1591
2 3 1 31 1592
2 3 1 32 1593
2 3 1 33 1594
2 3 1 34 1595
2 3 1 35 1596
2 3 1 36 1597
2 3 1 37 1598
2 3 1 38 1599
2 3 1 39 1600
2 3 1 40 1601
2 3 1 41 1602
2 3 1 42 1603
2 3 1 43 1604
2 3 1 44 1605
2 3 1 45 1606
2 3 1 46 1607
2 3 1 47 1608
2 3 1 48 1609
2 3 1 49 1610
2 3 1 50 1611
2 3 1 51 1612
3 3 1 0 1613
3 3 1 1 1614
3 3 1 2 1615
3 3 1 3 1616
3 3 1 4 1617
3 3 1 5 1618
3 3 1 6 1619
3 3 1 7 1620
3 3 1 8 1621
3 3 1 9 1622
3 3 1 10 1623
3 3 1 11 1624
3 3 1 12 1625
3 3 1 13 1626
3 3 1 14 1627
3 3 1 15 1628
3 3 1 16 1629
3 3 1 17 1630
3 3 1 18 1631
3 3 1 19 1632
3 3 1 20 1633
3 3 1 21 1634
3 3 1 22 1635
3 3 1 23 1636
3 3 1 24 1637
3 3 1 25 1638
3 3 1 26 1639
3 3 1 27 1640
3 3 1 28 1641
3 3 1 29 1642
3 3 1 30 1643
3 3 1 31 1644
3 3 1 32 1645
3 3 1 33 1646
3 3 1 34 1647
3 3 1 35 1648
3 3 1 36 1649
3 3 1 37 1650
3 3 1 38 1651
3 3 1 39 1652
3 3 1 40 1653
3 3 1 41 1654
3 3 1 42 1655
3 3 1 43 1656
3 3 1 44 1657
3 3 1 45 1658
3 3 1 46 1659
3 3 1 47 1660
3 3 1 48 1661
3 3 1 49 1662
3 3 1 50 1663
3 3 1 51 1664
0 0 2 0 1665
0 0 2 1 1666
0 0 2 2 1667
0 0 2 3 1668
0 0 2 4 1669
0 0 2 5 1670
0 0 2 6 1671
0 0 2 7 1672
0 0 2 8 1673
0 0 2 9 1674
0 0 2 10 1675
0 0 2 11 1676
0 0 2 12 1677
0 0 2 13 1678
0 0 2 14 1679
0 0 2 15 1680
0 0 2 16 1681
0 0 2 17 1682
0 0 2 18 1683
0 0 2 19 1684
0 0 2 20 1685
0 0 2 21 1686
0 0 2 22 1687
0 0 2 23 1688
0 0 2 24 1689
0 0 2 25 1690
0 0 2 26 1691
0 0 2 27 1692
0 0 2 28 1693
0 0 2 29 1694
0 0 2 30 1695
0 0 2 31 1696
0 0 2 32 1697
0 0 2 33 1698
0 0 2 34 1699
0 0 2 35 1700
0 0 2 36 1701
0 0 2 37 1702
0 0 2 38 1703
0 0 2 39 1704
0 0 2 40 1705
0 0 2 41 1706
0 0 2 42 1707
0 0 2 43 1708
0 0 2 44 1709
0 0 2 45 1710
0 0 2 46 1711
0 0 2 47 1712
0 0 2 48 1713
0 0 2 49 1714
0 0 2 50 1715
0 0 2 51 1716
1 0 2 0 1717
1 0 2 1 1718
1 0 2 2 1719
1 0 2 3 1720
1 0 2 4 1721
1 0 2 5 1722
1 0 2 6 1723
1 0 2 7 1724
1 0 2 8 1725
1 0 2 9 1726
1 0 2 10 1727
1 0 2 11 1728
1 0 2 12 1729
1 0 2 13 1730
1 0 2 14 1731
1 0 2 15 1732
1 0 2 16 1733
1 0 2 17 1734
1 0 2 18 1735
1 0 2 19 1736
1 0 2 20 1737
1 0 2 21 1738
1 0 2 22 1739
1 0 2 23 1740
1 0 2 24 1741
1 0 2 25 1742
1 0 2 26 1743
1 0 2 27 1744
1 0 2 28 1745
1 0 2 29 1746
1 0 2 30 1747
1 0 2 31 1748
1 0 2 32 1749
1 0 2 33 1750
1 0 2 34 1751
1 0 2 35 1752
1 0 2 36 1753
1 0 2 37 1754
1 0 2 38 1755
1 0 2 39 1756
1 0 2 40 1757
1 0 2 41 1758
1 0 2 42 1759
1 0 2 43 1760
1 0 2 44 1761
1 0 2 45 1762
1 0 2 46 1763
1 0 2 47 1764
1 0 2 48 1765
1 0 2 49 1766
1 0 2 50 1767
1 0 2 51 1768
2 0 2 0 1769
2 0 2 1 1770
2 0 2 2 1771
2 0 2 3 1772
2 0 2 4 1773
2 0 2 5 1774
2 0 2 6 1775
2 0 2 7 1776
2 0 2 8 1777
2 0 2 9 1778
2 0 2 10 1779
2 0 2 11 1780
2 0 2 12 1781
2 0 2 13 1782
2 0 2 14 1783
2 0 2 15 1784
2 0 2 16 1785
2 0 2 17 1786
2 0 2 18 1787
2 0 2 19 1788
2 0 2 20 1789
2 0 2 21 1790
2 0 2 22 1791
2 0 2 23 1792
2 0 2 24 1793
2 0 2 25 1794
2 0 2 26 1795
2 0 2 27 1796
2 0 2 28 1797
2 0 2 29 1798
2 0 2 30 1799
2 0 2 31 1800
2 0 2 32 1801
2 0 2 33 1802
2 0 2 34 1803
2 0 2 35 1804
2 0 2 36 1805
2 0 2 37 1806
2 0 2 38 1807
2 0 2 39 1808
2 0 2 40 1809
2 0 2 41 1810
2 0 2 42 1811
2 0 2 43 1812
2 0 2 44 1813
2 0 2 45 1814
2 0 2 46 1815
2 0 2 47 1816
2 0 2 48 1817
2 0 2 49 1818
2 0 2 50 1819
2 0 2 51 1820
3 0 2 0 1821
3 0 2 1 1822
3 0 2 2 1823
3 0 2 3 1824
3 0 2 4 1825
3 0 2 5 1826
3 0 2 6 1827
3 0 2 7 1828
3 0 2 8 1829
3 0 2 9 1830
3 0 2 10 1831
3 0 2 11 1832
3 0 2 12 1833
3 0 2 13 1834
3 0 2 14 1835
3 0 2 15 1836
3 0 2 16 1837
3 0 2 17 1838
3 0 2 18 1839
3 0 2 19 1840
3 0 2 20 1841
3 0 2 21 1842
3 0 2 22 1843
3 0 2 23 1844
3 0 2 24 1845
3 0 2 25 1846
3 0 2 26 1847
3 0 2 27 1848
3 0 2 28 1849
3 0 2 29 1850
3 0 2 30 1851
3 0 2 31 1852
3 0 2 32 1853
3 0 2 33 1854
3 0 2 34 1855
3 0 2 35 1856
3 0 2 36 1857
3 0 2 37 1858
3 0 2 38 1859
3 0 2 39 1860
3 0 2 40 1861
3 0 2 41 1862
3 0 2 42 1863
3 0 2 43 1864
3 0 2 44 1865
3 0 2 45 1866
3 0 2 46 1867
3 0 2 47 1868
3 0 2 48 1869
3 0 2 49 1870
3 0 2 50 1871
3 0 2 51 1872
0 1 2 0 1873
0 1 2 1 1874
0 1 2 2 1875
0 1 2 3 1876
0 1 2 4 1877
0 1 2 5 1878
0 1 2 6 1879
0 1 2 7 1880
0 1 2 8 1881
0 1 2 9 1882
0 1 2 10 1883
0 1 2 11 1884
0 1 2 12 1885
0 1 2 13 1886
0 1 2 14 1887
0 1 2 15 1888
0 1 2 16 1889
0 1 2 17 1890
0 1 2 18 1891
0 1 2 19 1892
0 1 2 20 1893
0 1 2 21 1894
0 1 2 22 1895
0 1 2 23 1896
0 1 2 24 1897
0 1 2 25 1898
0 1 2 26 1899
0 1 2 27 1900
0 1 2 28 1901
0 1 2 29 1902
0 1 2 30 1903
0 1 2 31 1904
0 1 2 32 1905
0 1 2 33 1906
0 1 2 34 1907
0 1 2 35 1908
0 1 2 36 1909
0 1 2 37 1910
0 1 2 38 1911
0 1 2 39 1912
0 1 2 40 1913
0 1 2 41 1914
0 1 2 42 1915
0 1 2 43 1916
0 1 2 44 1917
0 1 2 45 1918
0 1 2 46 1919
0 1 2 47 1920
0 1 2 48 1921
0 1 2 49 1922
0 1 2 50 1923
0 1 2 51 1924
1 1 2 0 1925
1 1 2 1 1926
1 1 2 2 1927
1 1 2 3 1928
1 1 2 4 1929
1 1 2 5 1930
1 1 2 6 1931
1 1 2 7 1932
1 1 2 8 1933
1 1 2 9 1934
1 1 2 10 1935
1 1 2 11 1936
1 1 2 12 1937
1 1 2 13 1938
1 1 2 14 1939
1 1 2 15 1940
1 1 2 16 1941
1 1 2 17 1942
1 1 2 18 1943
1 1 2 19 1944
1 1 2 20 1945
1 1 2 21 1946
1 1 2 22 1947
1 1 2 23 1948
1 1 2 24 1949
1 1 2 25 1950
1 1 2 26 1951
1 1 2 27 1952
1 1 2 28 1953
1 1 2 29 1954
1 1 2 30 1955
1 1 2 31 1956
1 1 2 32 1957
1 1 2 33 1958
1 1 2 34 1959
1 1 2 35 1960
1 1 2 36 1961
1 1 2 37 1962
1 1 2 38 1963
1 1 2 39 1964
1 1 2 40 1965
1 1 2 41 1966
1 1 2 42 1967
1 1 2 43 1968
1 1 2 44 1969
1 1 2 45 1970
1 1 2 46 1971
1 1 2 47 1972
1 1 2 48 1973
1 1 2 49 1974
1 1 2 50 1975
1 1 2 51 1976
2 1 2 0 1977
2 1 2 1 1978
2 1 2 2 1979
2 1 2 3 1980
2 1 2 4 1981
2 1 2 5 1982
2 1 2 6 1983
2 1 2 7 1984
2 1 2 8 1985
2 1 2 9 1986
2 1 2 10 1987
2 1 2 11 1988
2 1 2 12 1989
2 1 2 13 1990
2 1 2 14 1991
2 1 2 15 1992
2 1 2 16 1993
2 1 2 17 1994
2 1 2 18 1995
2 1 2 19 1996
2 1 2 20 1997
2 1 2 21 1998
2 1 2 22 1999
2 1 2 23 2000
2 1 2 24 2001
2 1 2 25 2002
2 1 2 26 2003
2 1 2 27 2004
2 1 2 28 2005
2 1 2 29 2006
2 1 2 30 2007
2 1 2 31 2008
2 1 2 32 2009
2 1 2 33 2010
2 1 2 34 2011
2 1 2 35 2012
2 1 2 36 2013
2 1 2 37 2014
2 1 2 38 2015
2 1 2 39 2016
2 1 2 40 2017
2 1 2 41 2018
2 1 2 42 2019
2 1 2 43 2020
2 1 2 44 2021
2 1 2 45 2022
2 1 2 46 2023
2 1 2 47 2024
2 1 2 48 2025
2 1 2 49 2026
2 1 2 50 2027
2 1 2 51 2028
3 1 2 0 2029
3 1 2 1 2030
3 1 2 2 2031
3 1 2 3 2032
3 1 2 4 2033
3 1 2 5 2034
3 1 2 6 2035
3 1 2 7 2036
3 1 2 8 2037
3 1 2 9 2038
3 1 2 10 2039
3 1 2 11 2040
3 1 2 12 2041
3 1 2 13 2042
3 1 2 14 2043
3 1 2 15 2044
3 1 2 16 2045
3 1 2 17 2046
3 1 2 18 2047
3 1 2 19 2048
3 1 2 20 2049
3 1 2 21 2050
3 1 2 22 2051
3 1 2 23 2052
3 1 2 24 2053
3 1 2 25 2054
3 1 2 26 2055
3 1 2 27 2056
3 1 2 28 2057
3 1 2 29 2058
3 1 2 30 2059
3 1 2 31 2060
3 1 2 32 2061
3 1 2 33 2062
3 1 2 34 2063
3 1 2 35 2064
3 1 2 36 2065
3 1 2 37 2066
3 1 2 38 2067
3 1 2 39 2068
3 1 2 40 2069
3 1 2 41 2070
3 1 2 42 2071
3 1 2 43 2072
3 1 2 44 2073
3 1 2 45 2074
3 1 2 46 2075
3 1 2 47 2076
3 1 2 48 2077
3 1 2 49 2078
3 1 2 50 2079
3 1 2 51 2080
0 2 2 0 2081
0 2 2 1 2082
0 2 2 2 2083
0 2 2 3 2084
0 2 2 4 2085
0 2 2 5 2086
0 2 2 6 2087
0 2 2 7 2088
0 2 2 8 2089
0 2 2 9 2090
0 2 2 10 2091
0 2 2 11 2092
0 2 2 12 2093
0 2 2 13 2094
0 2 2 14 2095
0 2 2 15 2096
0 2 2 16 2097
0 2 2 17 2098
0 2 2 18 2099
0 2 2 19 2100
0 2 2 20 2101
0 2 2 21 2102
0 2 2 22 2103
0 2 2 23 2104
0 2 2 24 2105
0 2 2 25 2106
0 2 2 26 2107
0 2 2 27 2108
0 2 2 28 2109
0 2 2 29 2110
0 2 2 30 2111
0 2 2 31 2112
0 2 2 32 2113
0 2 2 33 2114
0 2 2 34 2115
0 2 2 35 2116
0 2 2 36 2117
0 2 2 37 2118
0 2 2 38 2119
0 2 2 39 2120
0 2 2 40 2121
0 2 2 41 2122
0 2 2 42 2123
0 2 2 43 2124
0 2 2 44 2125
0 2 2 45 2126
0 2 2 46 2127
0 2 2 47 2128
0 2 2 48 2129
0 2 2 49 2130
0 2 2 50 2131
0 2 2 51 2132
1 2 2 0 2133
1 2 2 1 2134
1 2 2 2 2135
1 2 2 3 2136
1 2 2 4 2137
1 2 2 5 2138
1 2 2 6 2139
1 2 2 7 2140
1 2 2 8 2141
1 2 2 9 2142
1 2 2 10 2143
1 2 2 11 2144
1 2 2 12 2145
1 2 2 13 2146
1 2 2 14 2147
1 2 2 15 2148
1 2 2 16 2149
1 2 2 17 2150
1 2 2 18 2151
1 2 2 19 2152
1 2 2 20 2153
1 2 2 21 2154
1 2 2 22 2155
1 2 2 23 2156
1 2 2 24 2157
1 2 2 25 2158
1 2 2 26 2159
1 2 2 27 2160
1 2 2 28 2161
1 2 2 29 2162
1 2 2 30 2163
1 2 2 31 2164
1 2 2 32 2165
1 2 2 33 2166
1 2 2 34 2167
1 2 2 35 2168
1 2 2 36 2169
1 2 2 37 2170
1 2 2 38 2171
1 2 2 39 2172
1 2 2 40 2173
1 2 2 41 2174
1 2 2 42 2175
1 2 2 43 2176
1 2 2 44 2177
1 2 2 45 2178
1 2 2 46 2179
1 2 2 47 2180
1 2 2 48 2181
1 2 2 49 2182
1 2 2 50 2183
1 2 2 51 2184
2 2 2 0 2185
2 2 2 1 2186
2 2 2 2 2187
2 2 2 3 2188
2 2 2 4 2189
2 2 2 5 2190
2 2 2 6 2191
2 2 2 7 2192
2 2 2 8 2193
2 2 2 9 2194
2 2 2 10 2195
2 2 2 11 2196
2 2 2 12 2197
2 2 2 13 2198
2 2 2 14 2199
2 2 2 15 2200
2 2 2 16 2201
2 2 2 17 2202
2 2 2 18 2203
2 2 2 19 2204
2 2 2 20 2205
2 2 2 21 2206
2 2 2 22 2207
2 2 2 23 2208
2 2 2 24 2209
2 2 2 25 2210
2 2 2 26 2211
2 2 2 27 2212
2 2 2 28 2213
2 2 2 29 2214
2 2 2 30 2215
2 2 2 31 2216
2 2 2 32 2217
2 2 2 33 2218
2 2 2 34 2219
2 2 2 35 2220
2 2 2 36 2221
2 2 2 37 2222
2 2 2 38 2223
2 2 2 39 2224
2 2 2 40 2225
2 2 2 41 2226
2 2 2 42 2227
2 2 2 43 2228
2 2 2 44 2229
2 2 2 45 2230
2 2 2 46 2231
2 2 2 47 2232
2 2 2 48 2233
2 2 2 49 2234
2 2 2 50 2235
2 2 2 51 2236
3 2 2 0 2237
3 2 2 1 2238
3 2 2 2 2239
3 2 2 3 2240
3 2 2 4 2241
3 2 2 5 2242
3 2 2 6 2243
3 2 2 7 2244
3 2 2 8 2245
3 2 2 9 2246
3 2 2 10 2247
3 2 2 11 2248
3 2 2 12 2249
3 2 2 13 2250
3 2 2 14 2251
3 2 2 15 2252
3 2 2 16 2253
3 2 2 17 2254
3 2 2 18 2255
3 2 2 19 2256
3 2 2 20 2257
3 2 2 21 2258
3 2 2 22 2259
3 2 2 23 2260
3 2 2 24 2261
3 2 2 25 2262
3 2 2 26 2263
3 2 2 27 2264
3 2 2 28 2265
3 2 2 29 2266
3 2 2 30 2267
3 2 2 31 2268
3 2 2 32 2269
3 2 2 33 2270
3 2 2 34 2271
3 2 2 35 2272
3 2 2 36 2273
3 2 2 37 2274
3 2 2 38 2275
3 2 2 39 2276
3 2 2 40 2277
3 2 2 41 2278
3 2 2 42 2279
3 2 2 43 2280
3 2 2 44 2281
3 2 2 45 2282
3 2 2 46 2283
3 2 2 47 2284
3 2 2 48 2285
3 2 2 49 2286
3 2 2 50 2287
3 2 2 51 2288
0 3 2 0 2289
0 3 2 1 2290
0 3 2 2 2291
0 3 2 3 2292
0 3 2 4 2293
0 3 2 5 2294
0 3 2 6 2295
0 3 2 7 2296
0 3 2 8 2297
0 3 2 9 2298
0 3 2 10 2299
0 3 2 11 2300
0 3 2 12 2301
0 3 2 13 2302
0 3 2 14 2303
0 3 2 15 2304
0 3 2 16 2305
0 3 2 17 2306
0 3 2 18 2307
0 3 2 19 2308
0 3 2 20 2309
0 3 2 21 2310
0 3 2 22 2311
0 3 2 23 2312
0 3 2 24 2313
0 3 2 25 2314
0 3 2 26 2315
0 3 2 27 2316
0 3 2 28 2317
0 3 2 29 2318
0 3 2 30 2319
0 3 2 31 2320
0 3 2 32 2321
0 3 2 33 2322
0 3 2 34 2323
0 3 2 35 2324
0 3 2 36 2325
0 3 2 37 2326
0 3 2 38 2327
0 3 2 39 2328
0 3 2 40 2329
0 3 2 41 2330
0 3 2 42 2331
0 3 2 43 2332
0 3 2 44 2333
0 3 2 45 2334
0 3 2 46 2335
0 3 2 47 2336
0 3 2 48 2337
0 3 2 49 2338
0 3 2 50 2339
0 3 2 51 2340
1 3 2 0 2341
1 3 2 1 2342
1 3 2 2 2343
1 3 2 3 2344
1 3 2 4 2345
1 3 2 5 2346
1 3 2 6 2347
1 3 2 7 2348
1 3 2 8 2349
1 3 2 9 2350
1 3 2 10 2351
1 3 2 11 2352
1 3 2 12 2353
1 3 2 13 2354
1 3 2 14 2355
1 3 2 15 2356
1 3 2 16 2357
1 3 2 17 2358
1 3 2 18 2359
1 3 2 19 2360
1 3 2 20 2361
1 3 2 21 2362
1 3 2 22 2363
1 3 2 23 2364
1 3 2 24 2365
1 3 2 25 2366
1 3 2 26 2367
1 3 2 27 2368
1 3 2 28 2369
1 3 2 29 2370
1 3 2 30 2371
1 3 2 31 2372
1 3 2 32 2373
1 3 2 33 2374
1 3 2 34 2375
1 3 2 35 2376
1 3 2 36 2377
1 3 2 37 2378
1 3 2 38 2379
1 3 2 39 2380
1 3 2 40 2381
1 3 2 41 2382
1 3 2 42 2383
1 3 2 43 2384
1 3 2 44 2385
1 3 2 45 2386
1 3 2 46 2387
1 3 2 47 2388
1 3 2 48 2389
1 3 2 49 2390
1 3 2 50 2391
1 3 2 51 2392
2 3 2 0 2393
2 3 2 1 2394
2 3 2 2 2395
2 3 2 3 2396
2 3 2 4 2397
2 3 2 5 2398
2 3 2 6 2399
2 3 2 7 2400
2 3 2 8 2401
2 3 2 9 2402
2 3 2 10 2403
2 3 2 11 2404
2 3 2 12 2405
2 3 2 13 2406
2 3 2 14 2407
2 3 2 15 2408
2 3 2 16 2409
2 3 2 17 2410
2 3 2 18 2411
2 3 2 19 2412
2 3 2 20 2413
2 3 2 21 2414
2 3 2 22 2415
2 3 2 23 2416
2 3 2 24 2417
2 3 2 25 2418
2 3 2 26 2419
2 3 2 27 2420
2 3 2 28 2421
2 3 2 29 2422
2 3 2 30 2423
2 3 2 31 2424
2 3 2 32 2425
2 3 2 33 2426
2 3 2 34 2427
2 3 2 35 2428
2 3 2 36 2429
2 3 2 37 2430
2 3 2 38 2431
2 3 2 39 2432
2 3 2 40 2433
2 3 2 41 2434
2 3 2 42 2435
2 3 2 43 2436
2 3 2 44 2437
2 3 2 45 2438
2 3 2 46 2439
2 3 2 47 2440
2 3 2 48 2441
2 3 2 49 2442
2 3 2 50 2443
2 3 2 51 2444
3 3 2 0 2445
3 3 2 1 2446
3 3 2 2 2447
3 3 2 3 2448
3 3 2 4 2449
3 3 2 5 2450
3 3 2 6 2451
3 3 2 7 2452
3 3 2 8 2453
3 3 2 9 2454
3 3 2 10 2455
3 3 2 11 2456
3 3 2 12 2457
3 3 2 13 2458
3 3 2 14 2459
3 3 2 15 2460
3 3 2 16 2461
3 3 2 17 2462
3 3 2 18 2463
3 3 2 19 2464
3 3 2 20 2465
3 3 2 21 2466
3 3 2 22 2467
3 3 2 23 2468
3 3 2 24 2469
3 3 2 25 2470
3 3 2 26 2471
3 3 2 27 2472
3 3 2 28 2473
3 3 2 29 2474
3 3 2 30 2475
3 3 2 31 2476
3 3 2 32 2477
3 3 2 33 2478
3 3 2 34 2479
3 3 2 35 2480
3 3 2 36 2481
3 3 2 37 2482
3 3 2 38 2483
3 3 2 39 2484
3 3 2 40 2485
3 3 2 41 2486
3 3 2 42 2487
3 3 2 43 2488
3 3 2 44 2489
3 3 2 45 2490
3 3 2 46 2491
3 3 2 47 2492
3 3 2 48 2493
3 3 2 49 2494
3 3 2 50 2495
3 3 2 51 2496
0 0 3 0 2497
0 0 3 1 2498
0 0 3 2 2499
0 0 3 3 2500
0 0 3 4 2501
0 0 3 5 2502
0 0 3 6 2503
0 0 3 7 2504
0 0 3 8 2505
0 0 3 9 2506
0 0 3 10 2507
0 0 3 11 2508
0 0 3 12 2509
0 0 3 13 2510
0 0 3 14 2511
0 0 3 15 2512
0 0 3 16 2513
0 0 3 17 2514
0 0 3 18 2515
0 0 3 19 2516
0 0 3 20 2517
0 0 3 21 2518
0 0 3 22 2519
0 0 3 23 2520
0 0 3 24 2521
0 0 3 25 2522
0 0 3 26 2523
0 0 3 27 2524
0 0 3 28 2525
0 0 3 29 2526
0 0 3 30 2527
0 0 3 31 2528
0 0 3 32 2529
0 0 3 33 2530
0 0 3 34 2531
0 0 3 35 2532
0 0 3 36 2533
0 0 3 37 2534
0 0 3 38 2535
0 0 3 39 2536
0 0 3 40 2537
0 0 3 41 2538
0 0 3 42 2539
0 0 3 43 2540
0 0 3 44 2541
0 0 3 45 2542
0 0 3 46 2543
0 0 3 47 2544
0 0 3 48 2545
0 0 3 49 2546
0 0 3 50 2547
0 0 3 51 2548
1 0 3 0 2549
1 0 3 1 2550
1 0 3 2 2551
1 0 3 3 2552
1 0 3 4 2553
1 0 3 5 2554
1 0 3 6 2555
1 0 3 7 2556
1 0 3 8 2557
1 0 3 9 2558
1 0 3 10 2559
1 0 3 11 2560
1 0 3 12 2561
1 0 3 13 2562
1 0 3 14 2563
1 0 3 15 2564
1 0 3 16 2565
1 0 3 17 2566
1 0 3 18 2567
1 0 3 19 2568
1 0 3 20 2569
1 0 3 21 2570
1 0 3 22 2571
1 0 3 23 2572
1 0 3 24 2573
1 0 3 25 2574
1 0 3 26 2575
1 0 3 27 2576
1 0 3 28 2577
1 0 3 29 2578
1 0 3 30 2579
1 0 3 31 2580
1 0 3 32 2581
1 0 3 33 2582
1 0 3 34 2583
1 0 3 35 2584
1 0 3 36 2585
1 0 3 37 2586
1 0 3 38 2587
1 0 3 39 2588
1 0 3 40 2589
1 0 3 41 2590
1 0 3 42 2591
1 0 3 43 2592
1 0 3 44 2593
1 0 3 45 2594
1 0 3 46 2595
1 0 3 47 2596
1 0 3 48 2597
1 0 3 49 2598
1 0 3 50 2599
1 0 3 51 2600
2 0 3 0 2601
2 0 3 1 2602
2 0 3 2 2603
2 0 3 3 2604
2 0 3 4 2605
2 0 3 5 2606
2 0 3 6 2607
2 0 3 7 2608
2 0 3 8 2609
2 0 3 9 2610
2 0 3 10 2611
2 0 3 11 2612
2 0 3 12 2613
2 0 3 13 2614
2 0 3 14 2615
2 0 3 15 2616
2 0 3 16 2617
2 0 3 17 2618
2 0 3 18 2619
2 0 3 19 2620
2 0 3 20 2621
2 0 3 21 2622
2 0 3 22 2623
2 0 3 23 2624
2 0 3 24 2625
2 0 3 25 2626
2 0 3 26 2627
2 0 3 27 2628
2 0 3 28 2629
2 0 3 29 2630
2 0 3 30 2631
2 0 3 31 2632
2 0 3 32 2633
2 0 3 33 2634
2 0 3 34 2635
2 0 3 35 2636
2 0 3 36 2637
2 0 3 37 2638
2 0 3 38 2639
2 0 3 39 2640
2 0 3 40 2641
2 0 3 41 2642
2 0 3 42 2643
2 0 3 43 2644
2 0 3 44 2645
2 0 3 45 2646
2 0 3 46 2647
2 0 3 47 2648
2 0 3 48 2649
2 0 3 49 2650
2 0 3 50 2651
2 0 3 51 2652
3 0 3 0 2653
3 0 3 1 2654
3 0 3 2 2655
3 0 3 3 2656
3 0 3 4 2657
3 0 3 5 2658
3 0 3 6 2659
3 0 3 7 2660
3 0 3 8 2661
3 0 3 9 2662
3 0 3 10 2663
3 0 3 11 2664
3 0 3 12 2665
3 0 3 13 2666
3 0 3 14 2667
3 0 3 15 2668
3 0 3 16 2669
3 0 3 17 2670
3 0 3 18 2671
3 0 3 19 2672
3 0 3 20 2673
3 0 3 21 2674
3 0 3 22 2675
3 0 3 23 2676
3 0 3 24 2677
3 0 3 25 2678
3 0 3 26 2679
3 0 3 27 2680
3 0 3 28 2681
3 0 3 29 2682
3 0 3 30 2683
3 0 3 31 2684
3 0 3 32 2685
3 0 3 33 2686
3 0 3 34 2687
3 0 3 35 2688
3 0 3 36 2689
3 0 3 37 2690
3 0 3 38 2691
3 0 3 39 2692
3 0 3 40 2693
3 0 3 41 2694
3 0 3 42 2695
3 0 3 43 2696
3 0 3 44 2697
3 0 3 45 2698
3 0 3 46 2699
3 0 3 47 2700
3 0 3 48 2701
3 0 3 49 2702
3 0 3 50 2703
3 0 3 51 2704
0 1 3 0 2705
0 1 3 1 2706
0 1 3 2 2707
0 1 3 3 2708
0 1 3 4 2709
0 1 3 5 2710
0 1 3 6 2711
0 1 3 7 2712
0 1 3 8 2713
0 1 3 9 2714
0 1 3 10 2715
0 1 3 11 2716
0 1 3 12 2717
0 1 3 13 2718
0 1 3 14 2719
0 1 3 15 2720
0 1 3 16 2721
0 1 3 17 2722
0 1 3 18 2723
0 1 3 19 2724
0 1 3 20 2725
0 1 3 21 2726
0 1 3 22 2727
0 1 3 23 2728
0 1 3 24 2729
0 1 3 25 2730
0 1 3 26 2731
0 1 3 27 2732
0 1 3 28 2733
0 1 3 29 2734
0 1 3 30 2735
0 1 3 31 2736
0 1 3 32 2737
0 1 3 33 2738
0 1 3 34 2739
0 1 3 35 2740
0 1 3 36 2741
0 1 3 37 2742
0 1 3 38 2743
0 1 3 39 2744
0 1 3 40 2745
0 1 3 41 2746
0 1 3 42 2747
0 1 3 43 2748
0 1 3 44 2749
0 1 3 45 2750
0 1 3 46 2751
0 1 3 47 2752
0 1 3 48 2753
0 1 3 49 2754
0 1 3 50 2755
0 1 3 51 2756
1 1 3 0 2757
1 1 3 1 2758
1 1 3 2 2759
1 1 3 3 2760
1 1 3 4 2761
1 1 3 5 2762
1 1 3 6 2763
1 1 3 7 2764
1 1 3 8 2765
1 1 3 9 2766
1 1 3 10 2767
1 1 3 11 2768
1 1 3 12 2769
1 1 3 13 2770
1 1 3 14 2771
1 1 3 15 2772
1 1 3 16 2773
1 1 3 17 2774
1 1 3 18 2775
1 1 3 19 2776
1 1 3 20 2777
1 1 3 21 2778
1 1 3 22 2779
1 1 3 23 2780
1 1 3 24 2781
1 1 3 25 2782
1 1 3 26 2783
1 1 3 27 2784
1 1 3 28 2785
1 1 3 29 2786
1 1 3 30 2787
1 1 3 31 2788
1 1 3 32 2789
1 1 3 33 2790
1 1 3 34 2791
1 1 3 35 2792
1 1 3 36 2793
1 1 3 37 2794
1 1 3 38 2795
1 1 3 39 2796
1 1 3 40 2797
1 1 3 41 2798
1 1 3 42 2799
1 1 3 43 2800
1 1 3 44 2801
1 1 3 45 2802
1 1 3 46 2803
1 1 3 47 2804
1 1 3 48 2805
1 1 3 49 2806
1 1 3 50 2807
1 1 3 51 2808
2 1 3 0 2809
2 1 3 1 2810
2 1 3 2 2811
2 1 3 3 2812
2 1 3 4 2813
2 1 3 5 2814
2 1 3 6 2815
2 1 3 7 2816
2 1 3 8 2817
2 1 3 9 2818
2 1 3 10 2819
2 1 3 11 2820
2 1 3 12 2821
2 1 3 13 2822
2 1 3 14 2823
2 1 3 15 2824
2 1 3 16 2825
2 1 3 17 2826
2 1 3 18 2827
2 1 3 19 2828
2 1 3 20 2829
2 1 3 21 2830
2 1 3 22 2831
2 1 3 23 2832
2 1 3 24 2833
2 1 3 25 2834
2 1 3 26 2835
2 1 3 27 2836
2 1 3 28 2837
2 1 3 29 2838
2 1 3 30 2839
2 1 3 31 2840
2 1 3 32 2841
2 1 3 33 2842
2 1 3 34 2843
2 1 3 35 2844
2 1 3 36 2845
2 1 3 37 2846
2 1 3 38 2847
2 1 3 39 2848
2 1 3 40 2849
2 1 3 41 2850
2 1 3 42 2851
2 1 3 43 2852
2 1 3 44 2853
2 1 3 45 2854
2 1 3 46 2855
2 1 3 47 2856
2 1 3 48 2857
2 1 3 49 2858
2 1 3 50 2859
2 1 3 51 2860
3 1 3 0 2861
3 1 3 1 2862
3 1 3 2 2863
3 1 3 3 2864
3 1 3 4 2865
3 1 3 5 2866
3 1 3 6 2867
3 1 3 7 2868
3 1 3 8 2869
3 1 3 9 2870
3 1 3 10 2871
3 1 3 11 2872
3 1 3 12 2873
3 1 3 13 2874
3 1 3 14 2875
3 1 3 15 2876
3 1 3 16 2877
3 1 3 17 2878
3 1 3 18 2879
3 1 3 19 2880
3 1 3 20 2881
3 1 3 21 2882
3 1 3 22 2883
3 1 3 23 2884
3 1 3 24 2885
3 1 3 25 2886
3 1 3 26 2887
3 1 3 27 2888
3 1 3 28 2889
3 1 3 29 2890
3 1 3 30 2891
3 1 3 31 2892
3 1 3 32 2893
3 1 3 33 2894
3 1 3 34 2895
3 1 3 35 2896
3 1 3 36 2897
3 1 3 37 2898
3 1 3 38 2899
3 1 3 39 2900
3 1 3 40 2901
3 1 3 41 2902
3 1 3 42 2903
3 1 3 43 2904
3 1 3 44 2905
3 1 3 45 2906
3 1 3 46 2907
3 1 3 47 2908
3 1 3 48 2909
3 1 3 49 2910
3 1 3 50 2911
3 1 3 51 2912
0 2 3 0 2913
0 2 3 1 2914
0 2 3 2 2915
0 2 3 3 2916
0 2 3 4 2917
0 2 3 5 2918
0 2 3 6 2919
0 2 3 7 2920
0 2 3 8 2921
0 2 3 9 2922
0 2 3 10 2923
0 2 3 11 2924
0 2 3 12 2925
0 2 3 13 2926
0 2 3 14 2927
0 2 3 15 2928
0 2 3 16 2929
0 2 3 17 2930
0 2 3 18 2931
0 2 3 19 2932
0 2 3 20 2933
0 2 3 21 2934
0 2 3 22 2935
0 2 3 23 2936
0 2 3 24 2937
0 2 3 25 2938
0 2 3 26 2939
0 2 3 27 2940
0 2 3 28 2941
0 2 3 29 2942
0 2 3 30 2943
0 2 3 31 2944
0 2 3 32 2945
0 2 3 33 2946
0 2 3 34 2947
0 2 3 35 2948
0 2 3 36 2949
0 2 3 37 2950
0 2 3 38 2951
0 2 3 39 2952
0 2 3 40 2953
0 2 3 41 2954
0 2 3 42 2955
0 2 3 43 2956
0 2 3 44 2957
0 2 3 45 2958
0 2 3 46 2959
0 2 3 47 2960
0 2 3 48 2961
0 2 3 49 2962
0 2 3 50 2963
0 2 3 51 2964
1 2 3 0 2965
1 2 3 1 2966
1 2 3 2 2967
1 2 3 3 2968
1 2 3 4 2969
1 2 3 5 2970
1 2 3 6 2971
1 2 3 7 2972
1 2 3 8 2973
1 2 3 9 2974
1 2 3 10 2975
1 2 3 11 2976
1 2 3 12 2977
1 2 3 13 2978
1 2 3 14 2979
1 2 3 15 2980
1 2 3 16 2981
1 2 3 17 2982
1 2 3 18 2983
1 2 3 19 2984
1 2 3 20 2985
1 2 3 21 2986
1 2 3 22 2987
1 2 3 23 2988
1 2 3 24 2989
1 2 3 25 2990
1 2 3 26 2991
1 2 3 27 2992
1 2 3 28 2993
1 2 3 29 2994
1 2 3 30 2995
1 2 3 31 2996
1 2 3 32 2997
1 2 3 33 2998
1 2 3 34 2999
1 2 3 35 3000
1 2 3 36 3001
1 2 3 37 3002
1 2 3 38 3003
1 2 3 39 3004
1 2 3 40 3005
1 2 3 41 3006
1 2 3 42 3007
1 2 3 43 3008
1 2 3 44 3009
1 2 3 45 3010
1 2 3 46 3011
1 2 3 47 3012
1 2 3 48 3013
1 2 3 49 3014
1 2 3 50 3015
1 2 3 51 3016
2 2 3 0 3017
2 2 3 1 3018
2 2 3 2 3019
2 2 3 3 3020
2 2 3 4 3021
2 2 3 5 3022
2 2 3 6 3023
2 2 3 7 3024
2 2 3 8 3025
2 2 3 9 3026
2 2 3 10 3027
2 2 3 11 3028
2 2 3 12 3029
2 2 3 13 3030
2 2 3 14 3031
2 2 3 15 3032
2 2 3 16 3033
2 2 3 17 3034
2 2 3 18 3035
2 2 3 19 3036
2 2 3 20 3037
2 2 3 21 3038
2 2 3 22 3039
2 2 3 23 3040
2 2 3 24 3041
2 2 3 25 3042
2 2 3 26 3043
2 2 3 27 3044
2 2 3 28 3045
2 2 3 29 3046
2 2 3 30 3047
2 2 3 31 3048
2 2 3 32 3049
2 2 3 33 3050
2 2 3 34 3051
2 2 3 35 3052
2 2 3 36 3053
2 2 3 37 3054
2 2 3 38 3055
2 2 3 39 3056
2 2 3 40 3057
2 2 3 41 3058
2 2 3 42 3059
2 2 3 43 3060
2 2 3 44 3061
2 2 3 45 3062
2 2 3 46 3063
2 2 3 47 3064
2 2 3 48 3065
2 2 3 49 3066
2 2 3 50 3067
2 2 3 51 3068
3 2 3 0 3069
3 2 3 1 3070
3 2 3 2 3071
3 2 3 3 3072
3 2 3 4 3073
3 2 3 5 3074
3 2 3 6 3075
3 2 3 7 3076
3 2 3 8 3077
3 2 3 9 3078
3 2 3 10 3079
3 2 3 11 3080
3 2 3 12 3081
3 2 3 13 3082
3 2 3 14 3083
3 2 3 15 3084
3 2 3 16 3085
3 2 3 17 3086
3 2 3 18 3087
3 2 3 19 3088
3 2 3 20 3089
3 2 3 21 3090
3 2 3 22 3091
3 2 3 23 3092
3 2 3 24 3093
3 2 3 25 3094
3 2 3 26 3095
3 2 3 27 3096
3 2 3 28 3097
3 2 3 29 3098
3 2 3 30 3099
3 2 3 31 3100
3 2 3 32 3101
3 2 3 33 3102
3 2 3 34 3103
3 2 3 35 3104
3 2 3 36 3105
3 2 3 37 3106
3 2 3 38 3107
3 2 3 39 3108
3 2 3 40 3109
3 2 3 41 3110
3 2 3 42 3111
3 2 3 43 3112
3 2 3 44 3113
3 2 3 45 3114
3 2 3 46 3115
3 2 3 47 3116
3 2 3 48 3117
3 2 3 49 3118
3 2 3 50 3119
3 2 3 51 3120
0 3 3 0 3121
0 3 3 1 3122
0 3 3 2 3123
0 3 3 3 3124
0 3 3 4 3125
0 3 3 5 3126
0 3 3 6 3127
0 3 3 7 3128
0 3 3 8 3129
0 3 3 9 3130
0 3 3 10 3131
0 3 3 11 3132
0 3 3 12 3133
0 3 3 13 3134
0 3 3 14 3135
0 3 3 15 3136
0 3 3 16 3137
0 3 3 17 3138
0 3 3 18 3139
0 3 3 19 3140
0 3 3 20 3141
0 3 3 21 3142
0 3 3 22 3143
0 3 3 23 3144
0 3 3 24 3145
0 3 3 25 3146
0 3 3 26 3147
0 3 3 27 3148
0 3 3 28 3149
0 3 3 29 3150
0 3 3 30 3151
0 3 3 31 3152
0 3 3 32 3153
0 3 3 33 3154
0 3 3 34 3155
0 3 3 35 3156
0 3 3 36 3157
0 3 3 37 3158
0 3 3 38 3159
0 3 3 39 3160
0 3 3 40 3161
0 3 3 41 3162
0 3 3 42 3163
0 3 3 43 3164
0 3 3 44 3165
0 3 3 45 3166
0 3 3 46 3167
0 3 3 47 3168
0 3 3 48 3169
0 3 3 49 3170
0 3 3 50 3171
0 3 3 51 3172
1 3 3 0 3173
1 3 3 1 3174
1 3 3 2 3175
1 3 3 3 3176
1 3 3 4 3177
1 3 3 5 3178
1 3 3 6 3179
1 3 3 7 3180
1 3 3 8 3181
1 3 3 9 3182
1 3 3 10 3183
1 3 3 11 3184
1 3 3 12 3185
1 3 3 13 3186
1 3 3 14 3187
1 3 3 15 3188
1 3 3 16 3189
1 3 3 17 3190
1 3 3 18 3191
1 3 3 19 3192
1 3 3 20 3193
1 3 3 21 3194
1 3 3 22 3195
1 3 3 23 3196
1 3 3 24 3197
1 3 3 25 3198
1 3 3 26 3199
1 3 3 27 3200
1 3 3 28 3201
1 3 3 29 3202
1 3 3 30 3203
1 3 3 31 3204
1 3 3 32 3205
1 3 3 33 3206
1 3 3 34 3207
1 3 3 35 3208
1 3 3 36 3209
1 3 3 37 3210
1 3 3 38 3211
1 3 3 39 3212
1 3 3 40 3213
1 3 3 41 3214
1 3 3 42 3215
1 3 3 43 3216
1 3 3 44 3217
1 3 3 45 3218
1 3 3 46 3219
1 3 3 47 3220
1 3 3 48 3221
1 3 3 49 3222
1 3 3 50 3223
1 3 3 51 3224
2 3 3 0 3225
2 3 3 1 3226
2 3 3 2 3227
2 3 3 3 3228
2 3 3 4 3229
2 3 3 5 3230
2 3 3 6 3231
2 3 3 7 3232
2 3 3 8 3233
2 3 3 9 3234
2 3 3 10 3235
2 3 3 11 3236
2 3 3 12 3237
2 3 3 13 3238
2 3 3 14 3239
2 3 3 15 3240
2 3 3 16 3241
2 3 3 17 3242
2 3 3 18 3243
2 3 3 19 3244
2 3 3 20 3245
2 3 3 21 3246
2 3 3 22 3247
2 3 3 23 3248
2 3 3 24 3249
2 3 3 25 3250
2 3 3 26 3251
2 3 3 27 3252
2 3 3 28 3253
2 3 3 29 3254
2 3 3 30 3255
2 3 3 31 3256
2 3 3 32 3257
2 3 3 33 3258
2 3 3 34 3259
2 3 3 35 3260
2 3 3 36 3261
2 3 3 37 3262
2 3 3 38 3263
2 3 3 39 3264
2 3 3 40 3265
2 3 3 41 3266
2 3 3 42 3267
2 3 3 43 3268
2 3 3 44 3269
2 3 3 45 3270
2 3 3 46 3271
2 3 3 47 3272
2 3 3 48 3273
2 3 3 49 3274
2 3 3 50 3275
2 3 3 51 3276
3 3 3 0 3277
3 3 3 1 3278
3 3 3 2 3279
3 3 3 3 3280
3 3 3 4 3281
3 3 3 5 3282
3 3 3 6 3283
3 3 3 7 3284
3 3 3 8 3285
3 3 3 9 3286
3 3 3 10 3287
3 3 3 11 3288
3 3 3 12 3289
3 3 3 13 3290
3 3 3 14 3291
3 3 3 15 3292
3 3 3 16 3293
3 3 3 17 3294
3 3 3 18 3295
3 3 3 19 3296
3 3 3 20 3297
3 3 3 21 3298
3 3 3 22 3299
3 3 3 23 3300
3 3 3 24 3301
3 3 3 25 3302
3 3 3 26 3303
3 3 3 27 3304
3 3 3 28 3305
3 3 3 29 3306
3 3 3 30 3307
3 3 3 31 3308
3 3 3 32 3309
3 3 3 33 3310
3 3 3 34 3311
3 3 3 35 3312
3 3 3 36 3313
3 3 3 37 3314
3 3 3 38 3315
3 3 3 39 3316
3 3 3 40 3317
3 3 3 41 3318
3 3 3 42 3319
3 3 3 43 3320
3 3 3 44 3321
3 3 3 45 3322
3 3 3 46 3323
3 3 3 47 3324
3 3 3 48 3325
3 3 3 49 3326
3 3 3 50 3327
3 3 3 51 3328
