
Timestep:
-11.016
-11.0529
-9.98341
-10.011
-8.59463
-8.60347
-7.3273
-7.33929
-6.0606
-6.05369
-4.79583
-4.75472
-3.57185
-3.48226
-2.22254
-2.278
-1.04267
-0.926355
0.250537
0.261384
1.58348
1.52492
2.85864
2.83406
4.06903
4.13169
5.39707
5.429
6.51271
6.58343
7.91159
7.87294
9.00511
9.06666
10.3989
10.3382
11.5587
11.6211
12.8652
12.8474
14.1981
14.0902
15.4017
15.4101
16.667
16.5851
17.9119
17.8323
19.2513
19.1446
20.3915
20.454
21.6854
21.6805
23.0096
22.9056
24.1616
24.2193
25.5324
25.5325
26.6641
26.7677
28.0397
28.0205
29.2315
29.2634
30.5851
30.4955
31.7712
31.7413
33.0339
33.044
34.3072
34.3589
35.5329
35.5653
36.8024
36.8022
38.0775
38.0893
39.3501
39.2972
40.5469
40.6538
41.878
41.7952
43.0993
43.0978
44.3642
44.3099
45.6747
45.6422
46.9463
47.0045
48.1908
48.1385
49.4625
49.5015
50.6746
50.6355
52.0078
51.8745
53.2124
53.155
54.3745
54.442
55.71
55.7806
57.0025
56.9806
58.2658
58.195
59.5165
59.5353
60.7696
60.7527
62.1352
61.9885
63.2138
63.3245
64.5514
64.5289
65.8677
65.8204
67.0403
66.9987
68.3637
68.3415
69.5495
69.5324
70.8568
70.8048
72.1461
72.1527
73.3263
73.4898
74.6605
74.6164
75.8459
75.8762
77.2074
77.2061
78.4356
78.4429
79.6987
79.6683
81.0545
80.9799
82.1282
82.2426
83.5073
83.39
84.6192
84.7404
85.9714
86.0368
87.1882
87.2093
88.4658
88.4872
89.7531
89.7201
90.9504
91.0121
92.2996
92.3467
93.4711
93.5199
94.7448
94.8801
96.0758
95.9652
97.2656
97.3215
98.5588
98.4653
99.7271
99.7964
101.096
100.992
102.323
102.325
103.533
103.654
104.858
104.853
106.189
106.102
107.284
107.36
108.623
108.71
109.942
109.918
111.137
111.166
112.441
112.472
113.674
113.632
114.967
114.995
116.191
116.203
117.461
117.477
118.72
118.704
119.959
119.959
121.245
121.238
122.39
122.442
123.709
123.819
125.034
124.97
126.208
126.341
127.482
127.5
128.823
128.793
130.038
130.056
131.314
131.311
132.534
132.53
133.87
133.847
135.159
135.141
136.301
136.335
137.664
137.61
138.866
138.893
140.106
140.183
141.455
141.373
142.631
142.728
143.934
143.805
145.148
145.176
146.464
146.531
147.725
147.666
148.957
149.021
150.163
150.231
151.527
151.488
152.634
152.756
153.992
154.101
155.241
155.226
156.445
156.567
157.813
157.794
158.987
158.99
160.295
160.3
161.536
161.597
162.796
162.822
164.112
164.08
165.296
165.414
166.586
166.602
167.872
167.861
169.062
169.146
170.369
170.295
171.603
171.654
172.937
172.881
174.183
174.146
175.364
175.395
176.687
176.731
177.917
177.916
179.182
179.213
180.447
180.455
181.655
181.728
183.006
182.961
184.329
184.258
185.502
185.545
186.8
186.739
187.955
188.022
189.272
189.365
190.511
190.503
191.821
191.846
193.082
193.071
194.299
194.395
195.628
195.525
196.784
196.87
198.132
197.997
199.29
199.356
200.637
200.573
201.865
201.857
203.101
203.14
204.318
204.377
205.634
205.646
206.943
206.892
208.249
208.144
209.407
209.394
210.706
210.75
211.988
211.941
213.24
213.248
214.493
214.451
215.736
215.792
217.007
216.984
218.261
218.216
219.534
219.564
220.744
220.812
222.075
222.043
223.394
223.32
224.519
224.581
225.9
225.766
227.025
227.128
228.377
228.321
229.667
229.586
230.898
230.835
232.099
232.164
233.407
233.291
234.638
234.616
235.878
235.966
237.139
237.138
238.472
238.456
239.697
239.648
240.922
240.953
242.22
242.179
243.377
243.489
244.738
244.672
245.91
245.961
247.273
247.248
248.489
248.495
249.679
249.74
251.017
251.076
252.318
252.244
253.501
253.554
254.865
254.788
255.992
256.018
257.363
257.241
258.509
258.522
259.827
259.867
261.039
261.046
262.399
262.32
263.562
263.608
264.888
264.811
266.227
266.157
267.339
267.304
268.669
268.595
269.854
269.925
271.139
271.134
272.421
272.45
273.732
273.641
274.954
274.978
276.186
276.207
277.534
277.485
278.748
278.751
279.987
279.977
281.274
281.208
282.551
282.573
283.743
283.792
285.055
285.012
286.398
286.303
287.468
287.507
288.83
288.856
290.061
290.03
291.346
291.319
292.523
292.611
293.865
293.812
295.096
295.172
296.325
296.426
297.665
297.6
298.88
298.947
300.169
300.132
301.424
301.363
302.682
302.717
303.913
303.931
305.184
305.153
306.461
306.505
307.726
307.657
309.029
309.008
310.237
310.283
311.608
311.474
312.715
312.821
314.101
313.928
315.157
315.241
316.519
316.609
317.798
317.709
319.033
319.08
320.312
320.269
321.58
321.582
322.738
322.83
324.085
324.142
325.265
325.264
326.6
326.599
327.925
327.922
329.118
329.124
330.432
330.355
331.663
331.647
332.832
332.957
334.189
334.176
335.439
335.421
336.681
336.69
338.031
337.933
339.23
339.207
340.45
340.43
341.811
341.791
342.938
342.886
344.274
344.209
345.505
345.53
346.691
346.822
348.028
348.176
349.252
349.289
350.598
350.657
351.837
351.74
353.083
353.09
354.332
354.434
355.675
355.582
356.797
356.943
358.158
358.063
359.249
359.389
360.593
360.713
361.844
361.879
363.174
363.126
364.367
364.415
365.667
365.671
366.886
366.891
368.217
368.207
369.465
369.494
370.75
370.71
372.05
372.014
373.238
373.256
374.506
374.424
375.772
375.737
377.069
377.068
378.236
378.252
379.611
379.541
380.725
380.742
382.051
382.075
383.356
383.396
384.505
384.578
385.824
385.874
387.143
387.062
388.45
388.377
389.634
389.599
390.884
390.897
392.094
392.113
393.402
393.416
394.728
394.652
395.945
395.959
397.204
397.194
398.452
398.52
399.762
399.635
400.951
400.979
402.326
402.207
403.371
403.509
404.757
404.746
405.894
406.104
407.201
407.202
408.507
408.568
409.681
409.76
411.001
411.043
412.296
412.223
413.629
413.579
414.823
414.742
416.037
416.086
417.38
417.352
418.525
418.563
419.877
419.923
421.037
421.031
422.355
422.373
423.689
423.702
424.786
424.82
426.114
426.144
427.439
427.458
428.568
428.668
429.894
429.907
431.196
431.223
432.442
432.408
433.674
433.718
435.015
434.956
436.236
436.242
437.515
437.479
438.757
438.799
440.014
440.015
441.278
441.213
442.49
442.575
443.804
443.766
445.029
445.053
446.378
446.327
447.504
447.569
448.865
448.83
450.09
450.1
451.349
451.369
452.656
452.568
453.833
453.916
455.167
455.058
456.377
456.411
457.637
457.594
458.902
458.852
460.173
460.191
461.37
461.408
462.75
462.762
463.847
463.868
465.168
465.168
466.455
466.479
467.759
467.769
468.979
469.123
470.271
470.217
471.477
471.593
472.772
472.669
474.013
474.037
475.292
475.272
476.538
476.55
477.853
477.712
479.077
479.045
480.273
480.377
481.572
481.498
482.916
482.858
484.081
484.075
485.362
485.396
486.61
486.649
487.865
487.876
489.14
489.178
490.369
490.368
491.709
491.719
492.91
492.865
494.188
494.204
495.423
495.547
496.635
496.645
497.957
498
499.292
499.174
500.423
500.489
501.784
501.802
503.091
502.942
504.277
504.292
505.538
505.52
506.799
506.808
508.071
508.059
509.295
509.324
510.592
510.612
511.847
511.827
513.096
513.199
514.376
514.255
515.612
515.647
516.849
516.773
518.111
518.158
519.363
519.367
520.654
520.669
521.849
521.865
523.184
523.204
524.417
524.405
525.685
525.684
526.96
526.953
528.221
528.319
529.519
529.371
530.788
530.747
531.958
531.981
533.289
533.274
534.543
534.46
535.725
535.78
537.071
537
538.324
538.353
539.581
539.687
540.91
540.752
542.078
542.118
543.421
543.261
544.54
544.611
545.895
545.871
547.123
547.121
548.342
548.453
549.694
549.631
550.806
550.991
552.144
552.146
553.469
553.44
554.652
554.661
555.897
555.922
557.198
557.146
558.407
558.461
559.715
559.686
560.93
560.877
562.228
562.215
563.481
563.529
564.732
564.733
566.009
565.939
567.265
567.263
568.528
568.592
569.856
569.762
571.064
571.05
572.304
572.304
573.567
573.625
574.805
574.87
576.077
576.063
577.356
577.358
578.64
578.681
579.939
579.853
581.165
581.255
582.531
582.247
583.57
583.636
584.952
584.789
586.131
586.124
587.361
587.376
588.668
588.721
589.942
589.933
591.242
591.154
592.525
592.461
593.693
593.785
595.026
594.981
596.349
596.268
597.477
597.506
598.868
598.791
599.997
600.083
601.361
601.306
602.5
602.612
603.854
603.798
605.03
605.148
606.305
606.276
607.65
607.606
608.831
608.793
610.162
610.109
611.353
611.376
612.627
612.626
613.886
613.83
615.151
615.215
616.39
616.329
617.564
617.663
618.879
618.979
620.171
620.177
621.534
621.483
622.672
622.788
623.97
623.915
625.226
625.277
626.457
626.387
627.738
627.717
629.094
629.023
630.254
630.345
631.568
631.534
632.739
632.87
634.103
634.083
635.169
635.289
636.557
636.594
637.899
637.761
639.02
639.106
640.372
640.418
641.506
641.6
642.849
642.851
644.18
644.129
645.381
645.386
646.644
646.633
647.864
647.861
649.194
649.202
650.433
650.405
651.653
651.683
652.895
652.891
654.237
654.227
655.447
655.419
656.787
656.71
657.989
657.991
659.258
659.315
660.541
660.512
661.8
661.709
663.044
663.059
664.311
664.311
665.571
665.569
666.814
666.824
668.15
668.089
669.285
669.352
670.648
670.605
671.805
671.838
673.172
673.093
674.318
674.364
675.701
675.632
676.839
676.881
678.195
678.173
679.364
679.387
680.717
680.751
681.874
681.876
683.223
683.225
684.45
684.452
685.669
685.671
686.99
686.985
688.223
688.195
689.486
689.491
690.724
690.764
692.075
692.038
693.2
693.277
694.558
694.564
695.849
695.748
697.213
697.054
698.289
698.314
699.683
699.505
700.732
700.803
702.114
702.014
703.271
703.346
704.59
704.586
705.912
705.868
707.15
707.089
708.389
708.422
709.609
709.598
710.923
710.919
712.262
712.115
713.401
713.455
714.751
714.672
715.89
716.018
717.182
717.126
718.484
718.512
719.739
719.652
720.935
720.953
722.284
722.226
723.479
723.512
724.781
724.751
726.071
726.102
727.223
727.251
728.567
728.608
729.822
729.729
731.183
731.037
732.283
732.402
733.613
733.486
734.889
734.856
736.173
736.19
737.397
737.342
738.731
738.654
739.809
739.863
741.185
741.135
742.327
742.363
743.627
743.694
744.958
744.832
746.212
746.167
747.391
747.478
748.723
748.801
749.988
749.952
751.19
751.239
752.568
752.515
753.737
753.693
755.08
755.017
756.342
756.354
757.638
757.479
758.792
758.799
760.09
760.062
761.323
761.386
762.654
762.498
763.717
763.837
765.056
765.02
766.412
766.33
767.646
767.581
768.885
768.862
770.153
770.127
771.416
771.395
772.641
772.617
773.946
773.996
775.158
775.158
776.365
776.543
777.679
777.666
778.93
779.036
780.157
780.159
781.5
781.504
782.691
782.664
783.985
783.999
785.243
785.291
786.558
786.524
787.77
787.804
789.083
789.015
790.245
790.373
791.586
791.505
792.762
792.86
794.04
794.063
795.336
795.323
796.619
796.62
797.916
797.787
799.1
799.131
800.465
800.283
801.562
801.626
802.91
802.83
804.102
804.131
805.403
805.43
806.614
806.602
807.937
807.956
809.28
809.129
810.377
810.477
811.745
811.737
812.911
812.91
814.191
814.222
815.548
815.404
816.732
816.738
818.016
818.054
819.207
819.274
820.553
820.508
821.719
821.875
823.049
822.931
824.239
824.293
825.534
825.649
826.843
826.752
828.073
828.113
829.356
829.341
830.602
830.562
831.843
831.898
833.157
833.106
834.357
834.408
835.653
835.679
836.92
836.883
838.166
838.17
839.449
839.428
840.687
840.631
841.931
842.008
843.166
843.138
844.459
844.503
845.674
845.717
847.036
846.989
848.148
848.328
849.508
849.455
850.774
850.761
851.999
852.081
853.337
853.243
854.503
854.573
855.774
855.841
857.082
857.058
858.38
858.344
859.633
859.555
860.841
860.792
862.118
862.102
863.335
863.414
864.559
864.663
865.851
865.848
867.139
867.197
868.34
868.454
869.677
869.619
870.868
870.961
872.165
872.089
873.477
873.457
874.672
874.691
875.968
875.992
877.258
877.196
878.419
878.548
879.78
879.744
880.988
880.996
882.236
882.304
883.552
883.515
884.875
884.841
885.984
885.949
887.344
887.294
888.516
888.575
889.793
889.813
891.106
891.069
892.247
892.354
893.582
893.584
894.854
894.845
896.128
896.134
897.424
897.318
898.61
898.679
899.935
899.821
901.241
901.174
902.434
902.483
903.713
903.803
905.052
904.967
906.234
906.33
907.598
907.5
908.764
908.844
910.169
910.189
-10.9736
-11.0016
-10.0159
-10.0071
-8.63117
-8.60525
-7.43445
-7.3696
-6.07662
-6.09635
-4.87385
-4.79631
-3.52894
-3.57122
-2.21765
-2.27747
-0.912603
-0.981223
0.349917
0.265921
1.52375
1.57098
2.84982
2.85614
4.19657
4.06048
5.28193
5.38832
6.64862
6.539
7.82473
7.87829
9.19102
9.01144
10.3104
10.3526
11.6709
11.5609
12.8323
12.8741
14.1521
14.1029
15.3383
15.3537
16.7018
16.692
17.8641
17.9155
19.1849
19.1591
20.3972
20.4576
21.696
21.6929
22.9759
22.9296
24.2026
24.2086
25.5076
25.3848
26.698
26.7433
27.9579
27.9501
29.2471
29.2341
30.5249
30.5248
31.8164
31.7953
32.9639
33.0325
34.2907
34.3777
35.5078
35.4378
36.8328
36.8132
38.1169
38.0665
39.3032
39.2977
40.5908
40.6058
41.8476
41.7928
43.1225
43.1077
44.3237
44.3621
45.6202
45.6918
46.9482
46.8632
48.1631
48.1508
49.3704
49.463
50.6369
50.6291
51.962
51.9742
53.2113
53.1742
54.457
54.4798
55.7312
55.6793
56.9929
57.0517
58.2491
58.1512
59.4687
59.5144
60.7412
60.7718
62.0233
61.9905
63.2672
63.2951
64.5434
64.531
65.8273
65.8587
66.9793
67.1504
68.2939
68.3638
69.6091
69.564
70.9222
70.907
72.1104
72.0088
73.3469
73.3652
74.664
74.5339
75.901
75.9017
77.173
77.1292
78.3861
78.4266
79.7498
79.6046
80.8907
80.9536
82.2503
82.0607
83.3879
83.4163
84.7529
84.6259
85.8321
85.9453
87.163
87.2451
88.4883
88.4635
89.8194
89.7232
90.9875
91.0054
92.263
92.2656
93.4972
93.5476
94.7636
94.7243
96.0953
96.0678
97.2494
97.2817
98.584
98.5395
99.7736
99.8649
101.048
101.065
102.34
102.368
103.518
103.544
104.833
104.896
106.156
106.069
107.407
107.376
108.589
108.654
109.916
109.832
111.247
111.166
112.4
112.435
113.669
113.633
115.013
114.972
116.183
116.296
117.528
117.39
118.72
118.742
119.918
120.06
121.27
121.181
122.472
122.524
123.752
123.722
125.01
125.023
126.249
126.281
127.528
127.457
128.802
128.786
130.005
130.093
131.282
131.421
132.59
132.497
133.867
133.876
135.054
135.047
136.35
136.361
137.652
137.592
138.839
138.832
140.134
140.154
141.422
141.415
142.639
142.68
143.969
143.91
145.205
145.183
146.399
146.43
147.759
147.621
148.872
148.922
150.248
150.273
151.454
151.416
152.754
152.744
153.956
153.999
155.293
155.243
156.458
156.497
157.742
157.768
159.021
159.021
160.275
160.256
161.559
161.557
162.774
162.818
164.129
164.057
165.289
165.405
166.553
166.513
167.878
167.855
169.108
169.177
170.435
170.357
171.638
171.637
172.835
172.903
174.15
174.154
175.476
175.391
176.673
176.719
177.934
177.969
179.27
179.177
180.457
180.447
181.738
181.714
182.985
182.981
184.242
184.213
185.471
185.506
186.722
186.721
187.979
188.017
189.28
189.318
190.578
190.518
191.732
191.834
193.037
193.015
194.322
194.32
195.522
195.607
196.85
196.767
198.024
198.111
199.332
199.345
200.658
200.586
201.885
201.945
203.102
203.075
204.473
204.372
205.611
205.685
206.924
206.882
208.212
208.182
209.415
209.448
210.72
210.708
211.949
212.003
213.255
213.189
214.466
214.532
215.814
215.625
216.961
216.98
218.273
218.265
219.465
219.465
220.84
220.727
222.015
222.071
223.302
223.28
224.616
224.606
225.776
225.793
227.073
227.17
228.38
228.242
229.556
229.614
230.916
230.826
232.023
232.109
233.389
233.38
234.575
234.619
235.918
235.872
237.051
237.167
238.414
238.362
239.729
239.707
240.903
240.873
242.2
242.209
243.392
243.43
244.69
244.792
245.983
245.937
247.299
247.298
248.536
248.472
249.725
249.79
251.045
250.988
252.295
252.279
253.52
253.567
254.787
254.744
255.993
256.118
257.341
257.198
258.531
258.542
259.826
259.85
261.038
261.166
262.381
262.381
263.673
263.686
264.842
264.868
266.202
266.159
267.418
267.378
268.661
268.749
269.896
269.887
271.189
271.265
272.368
272.371
273.693
273.715
274.912
274.919
276.193
276.207
277.418
277.465
278.776
278.707
279.949
279.98
281.27
281.293
282.448
282.456
283.821
283.775
285.01
285.07
286.264
286.3
287.614
287.543
288.782
288.844
290.042
290.08
291.359
291.345
292.562
292.613
293.838
293.829
295.179
295.091
296.347
296.348
297.648
297.611
298.902
298.84
300.156
300.153
301.429
301.465
302.642
302.616
303.924
303.976
305.214
305.206
306.415
306.488
307.708
307.651
309.065
309.015
310.198
310.241
311.565
311.445
312.689
312.793
314.041
313.966
315.172
315.253
316.525
316.524
317.74
317.791
319.071
318.975
320.334
320.34
321.58
321.541
322.832
322.813
324.163
324.043
325.29
325.38
326.652
326.567
327.879
327.876
329.104
329.165
330.443
330.418
331.64
331.698
332.894
332.879
334.11
334.241
335.387
335.371
336.708
336.693
337.98
337.993
339.24
339.248
340.447
340.495
341.689
341.711
342.978
342.976
344.274
344.136
345.523
345.447
346.755
346.763
348.093
348.047
349.429
349.362
350.546
350.663
351.901
351.746
353.029
353.086
354.381
354.296
355.566
355.606
356.87
356.775
358.117
358.144
359.368
359.356
360.668
360.647
361.856
361.889
363.217
363.145
364.447
364.38
365.643
365.722
366.981
366.88
368.172
368.18
369.478
369.449
370.696
370.598
372.032
371.896
373.205
373.2
374.502
374.527
375.745
375.716
377.032
376.99
378.274
378.331
379.531
379.519
380.862
380.785
382.074
382.007
383.27
383.337
384.58
384.586
385.9
385.806
387.02
387.116
388.346
388.427
389.595
389.537
390.832
390.862
392.155
392.057
393.478
393.385
394.543
394.654
395.868
395.857
397.223
397.196
398.387
398.367
399.638
399.735
400.961
400.883
402.193
402.23
403.398
403.423
404.752
404.708
405.921
405.989
407.277
407.234
408.423
408.423
409.745
409.729
411.009
410.998
412.295
412.332
413.569
413.524
414.771
414.796
416.118
416.121
417.263
417.324
418.565
418.631
419.885
419.853
421.104
421.113
422.368
422.377
423.559
423.642
424.906
424.885
426.128
426.131
427.448
427.432
428.642
428.639
429.938
429.97
431.217
431.229
432.407
432.503
433.753
433.667
435.03
435.01
436.218
436.342
437.571
437.407
438.627
438.759
439.975
439.94
441.311
441.251
442.553
442.504
443.774
443.769
445.017
445.036
446.36
446.304
447.559
447.563
448.81
448.788
450.153
450.15
451.39
451.282
452.611
452.658
453.864
453.797
455.131
455.181
456.394
456.325
457.616
457.693
458.978
458.85
460.165
460.148
461.421
461.422
462.67
462.656
463.948
463.967
465.228
465.187
466.433
466.395
467.753
467.7
469.018
468.922
470.261
470.241
471.501
471.57
472.825
472.805
473.982
474.022
475.356
475.33
476.582
476.569
477.817
477.831
479.159
479.115
480.297
480.314
481.614
481.581
482.795
482.873
484.117
483.996
485.287
485.303
486.617
486.619
487.925
487.935
489.166
489.132
490.42
490.431
491.613
491.714
492.916
492.955
494.186
494.133
495.4
495.41
496.715
496.733
497.926
498.064
499.251
499.178
500.47
500.498
501.753
501.83
503.037
503.007
504.26
504.258
505.538
505.593
506.804
506.77
508.059
508.068
509.324
509.352
510.609
510.542
511.818
511.897
513.154
512.992
514.432
514.315
515.639
515.606
516.846
516.905
518.141
518.147
519.369
519.424
520.642
520.635
521.937
521.921
523.098
523.153
524.429
524.433
525.736
525.662
526.965
526.926
528.129
528.225
529.456
529.422
530.765
530.77
531.944
532.109
533.273
533.208
534.558
534.561
535.782
535.689
536.98
537.059
538.282
538.223
539.583
539.576
540.757
540.853
542.065
542.055
543.402
543.342
544.547
544.603
545.834
545.826
547.134
547.127
548.308
548.364
549.675
549.622
550.867
550.894
552.124
552.147
553.497
553.367
554.627
554.702
555.99
555.893
557.165
557.172
558.482
558.441
559.698
559.697
560.979
560.988
562.27
562.202
563.429
563.504
564.78
564.802
565.982
566.074
567.296
567.21
568.446
568.535
569.79
569.804
571.058
571.129
572.353
572.3
573.508
573.636
574.833
574.812
576.162
576.099
577.325
577.365
578.604
578.601
579.845
579.897
581.038
581.12
582.37
582.385
583.585
583.617
584.856
584.947
586.146
586.11
587.366
587.416
588.676
588.76
589.933
589.931
591.26
591.219
592.438
592.479
593.695
593.723
595.009
595.015
596.258
596.237
597.478
597.467
598.78
598.811
600.003
599.935
601.276
601.254
602.614
602.491
603.785
603.799
605.118
605.097
606.435
606.385
607.557
607.603
608.933
608.861
610.095
610.141
611.299
611.399
612.601
612.654
613.897
613.894
615.247
615.191
616.391
616.365
617.657
617.736
618.96
618.847
620.154
620.219
621.425
621.42
622.786
622.754
624.007
623.973
625.316
625.329
626.449
626.446
627.769
627.815
628.975
628.896
630.292
630.232
631.458
631.56
632.823
632.838
633.971
634.09
635.337
635.288
636.489
636.636
637.85
637.797
639.104
639.083
640.28
640.376
641.633
641.571
642.829
642.882
644.105
644.176
645.44
645.377
646.645
646.732
647.938
647.857
649.119
649.142
650.434
650.502
651.744
651.697
653.048
653.001
654.229
654.196
655.532
655.402
656.682
656.763
658.046
657.933
659.232
659.234
660.562
660.467
661.685
661.761
663.058
663.049
664.261
664.264
665.532
665.551
666.835
666.774
668.14
668.064
669.298
669.33
670.62
670.662
671.851
671.816
673.111
673.179
674.343
674.306
675.6
675.647
676.808
676.837
678.145
678.18
679.485
679.418
680.617
680.661
681.982
681.91
683.166
683.26
684.472
684.536
685.751
685.682
686.92
687.056
688.252
688.135
689.428
689.459
690.747
690.835
691.947
691.967
693.303
693.256
694.447
694.553
695.774
695.758
697.097
697.056
698.29
698.327
699.528
699.553
700.835
700.851
702.148
701.987
703.324
703.31
704.581
704.566
705.868
705.86
707.047
707.176
708.376
708.338
709.629
709.617
710.92
710.974
712.11
712.127
713.457
713.436
714.676
714.62
715.971
715.947
717.205
717.29
718.481
718.389
719.783
719.726
720.967
721.037
722.256
722.279
723.481
723.486
724.685
724.803
725.986
726.044
727.363
727.323
728.444
728.444
729.82
729.796
730.949
731.053
732.321
732.241
733.58
733.596
734.837
734.883
736.032
736.063
737.362
737.406
738.5
738.566
739.83
739.927
741.156
741.053
742.413
742.437
743.612
743.597
744.957
744.959
746.057
746.147
747.392
747.497
748.736
748.638
749.948
749.981
751.218
751.242
752.494
752.469
753.743
753.777
755.009
754.928
756.216
756.285
757.535
757.438
758.748
758.78
760.079
760.006
761.257
761.336
762.596
762.551
763.705
763.825
765.08
765.055
766.222
766.336
767.569
767.583
768.889
768.848
770.224
770.128
771.408
771.344
772.679
772.675
773.932
773.891
775.175
775.198
776.388
776.36
777.734
777.671
778.872
779.014
780.239
780.153
781.326
781.484
782.694
782.705
783.996
783.94
785.186
785.309
786.556
786.435
787.649
787.754
789.022
789.101
790.254
790.264
791.528
791.562
792.823
792.735
794.03
794.084
795.333
795.339
796.678
796.577
797.837
797.846
799.178
799.137
800.278
800.276
801.592
801.65
802.913
802.879
804.139
804.154
805.398
805.368
806.739
806.689
807.833
807.912
809.165
809.18
810.47
810.47
811.69
811.702
813.006
812.994
814.192
814.251
815.542
815.504
816.87
816.756
817.942
818.059
819.306
819.33
820.532
820.482
821.795
821.833
823.039
823.048
824.314
824.3
825.556
825.56
826.798
826.827
828.082
828.088
829.306
829.342
830.561
830.616
831.852
831.858
833.121
833.083
834.425
834.426
835.55
835.635
836.916
836.929
838.153
838.145
839.417
839.419
840.69
840.719
841.935
841.902
843.207
843.268
844.488
844.443
845.731
845.753
847.003
846.937
848.229
848.298
849.491
849.458
850.782
850.775
852.05
852.107
853.271
853.219
854.651
854.612
855.724
855.712
857.1
857.037
858.256
858.272
859.592
859.569
860.858
860.873
862.171
862.182
863.379
863.316
864.664
864.683
865.882
865.868
867.158
867.147
868.423
868.459
869.671
869.633
870.898
870.979
872.23
872.147
873.415
873.451
874.764
874.675
875.977
875.902
877.196
877.238
878.525
878.445
879.689
879.761
881.016
881.076
882.262
882.2
883.44
883.557
884.753
884.772
886.066
886.078
887.325
887.265
888.498
888.631
889.838
889.772
891.043
891.113
892.306
892.366
893.58
893.566
894.856
894.858
896.14
896.169
897.345
897.319
898.689
898.647
899.9
899.964
901.211
901.185
902.469
902.463
903.698
903.839
905.058
904.92
906.255
906.282
907.555
907.645
908.795
908.8
910.175
910.189
911.234
911.159
-10.0005
-10.0098
-8.60064
-8.61963
-7.38803
-7.37593
-6.07686
-6.05195
-4.79254
-4.81329
-3.58675
-3.41956
-2.2534
-2.30775
-0.995339
-0.928573
0.303687
0.303719
1.54854
1.54611
2.82837
2.91577
4.11791
3.97948
5.30585
5.35251
6.64324
6.52538
7.68918
7.84403
9.046
9.0615
10.2985
10.3289
11.6047
11.5895
12.8398
12.9309
14.1171
14.0671
15.382
15.3712
16.6144
16.6904
17.9637
17.9346
19.1896
19.1446
20.4346
20.5032
21.7021
21.7203
22.9488
22.9983
24.2347
24.2521
25.4463
25.4332
26.7511
26.7621
27.9773
27.9914
29.2449
29.2904
30.5099
30.4416
31.7528
31.8034
33.0976
32.9937
34.3169
34.3063
35.5358
35.5704
36.8908
36.8692
38.0072
38.1162
39.2862
39.3414
40.6467
40.6136
41.8209
41.8868
43.16
43.0748
44.3654
44.4284
45.6386
45.6241
46.9407
46.9198
48.1454
48.1703
49.4224
49.428
50.734
50.701
51.9444
51.9287
53.309
53.1708
54.3549
54.4803
55.7357
55.6605
56.8035
56.9556
58.1777
58.3122
59.4663
59.483
60.6719
60.8038
62.0339
61.9606
63.2497
63.3478
64.5667
64.453
65.7559
65.8126
67.1048
66.9983
68.2309
68.3125
69.5805
69.5491
70.8017
70.7214
72.1073
72.0524
73.3174
73.3061
74.5954
74.6079
75.8302
75.8971
77.1264
77.205
78.4232
78.379
79.6382
79.6434
80.96
80.9764
82.1214
82.0912
83.4175
83.4215
84.7431
84.7634
85.9552
85.9434
87.1919
87.2332
88.4495
88.5021
89.737
89.7206
90.9913
90.9866
92.2549
92.1804
93.5518
93.5012
94.7298
94.7824
96.0807
96.0395
97.3023
97.3837
98.5903
98.5256
99.7937
99.8948
101.095
101.011
102.333
102.367
103.651
103.586
104.851
104.861
106.174
106.087
107.369
107.405
108.642
108.704
109.884
109.942
111.216
111.214
112.413
112.434
113.687
113.793
114.956
114.872
116.161
116.228
117.463
117.443
118.696
118.689
120.014
120.036
121.175
121.172
122.507
122.545
123.675
123.671
124.972
125.044
126.272
126.178
127.589
127.565
128.804
128.779
130.076
130.055
131.333
131.326
132.605
132.597
133.837
133.817
135.111
135.168
136.332
136.408
137.682
137.634
138.885
138.892
140.154
140.165
141.435
141.378
142.619
142.678
143.97
143.931
145.162
145.125
146.404
146.49
147.738
147.693
148.951
148.96
150.172
150.141
151.496
151.501
152.753
152.669
153.926
153.972
155.243
155.333
156.572
156.494
157.68
157.853
159.032
158.971
160.277
160.318
161.506
161.6
162.874
162.803
164.007
164.083
165.36
165.265
166.562
166.581
167.856
167.881
169.017
169.062
170.318
170.328
171.637
171.596
172.967
172.965
174.296
174.056
175.353
175.406
176.698
176.755
177.997
177.893
179.235
179.256
180.542
180.377
181.619
181.721
182.934
182.949
184.238
184.242
185.54
185.468
186.819
186.796
188.018
187.956
189.251
189.292
190.551
190.486
191.878
191.74
193.081
193.101
194.322
194.328
195.58
195.584
196.842
196.843
198.101
198.079
199.353
199.344
200.612
200.618
201.867
201.889
203.154
203.068
204.4
204.437
205.638
205.623
206.915
206.878
208.161
208.217
209.404
209.366
210.698
210.724
211.921
211.905
213.27
213.136
214.454
214.458
215.741
215.791
217.008
216.892
218.238
218.261
219.594
219.43
220.808
220.742
222.04
222.048
223.39
223.247
224.506
224.576
225.844
225.77
227.069
227.046
228.353
228.333
229.616
229.545
230.847
230.872
232.193
232.112
233.318
233.373
234.632
234.647
235.966
235.889
237.068
237.132
238.406
238.448
239.621
239.621
240.925
240.934
242.208
242.114
243.379
243.373
244.72
244.714
246.012
246.04
247.22
247.261
248.542
248.489
249.708
249.826
251.029
250.98
252.28
252.3
253.538
253.541
254.845
254.883
256.011
255.969
257.334
257.269
258.637
258.62
259.818
259.738
261.125
261.081
262.3
262.405
263.635
263.542
264.835
264.876
266.131
266.145
267.406
267.398
268.614
268.668
269.953
269.967
271.164
271.271
272.418
272.364
273.75
273.678
274.896
274.962
276.27
276.217
277.395
277.509
278.76
278.706
279.979
280.055
281.24
281.216
282.511
282.578
283.784
283.757
284.981
285.045
286.314
286.254
287.651
287.574
288.783
288.803
290.153
290.103
291.245
291.268
292.63
292.623
293.795
293.937
295.14
295.005
296.322
296.331
297.604
297.581
298.919
298.891
300.061
300.138
301.436
301.343
302.724
302.628
303.968
303.922
305.21
305.24
306.427
306.47
307.781
307.733
308.954
308.984
310.246
310.183
311.51
311.525
312.728
312.769
314.019
314.023
315.25
315.286
316.513
316.547
317.806
317.782
319.077
319.033
320.31
320.224
321.676
321.548
322.749
322.832
324.124
324.152
325.298
325.317
326.618
326.62
327.852
327.88
329.139
329.118
330.377
330.397
331.725
331.572
332.909
332.933
334.181
334.177
335.434
335.378
336.664
336.717
337.951
337.934
339.154
339.215
340.442
340.446
341.714
341.799
343.056
342.914
344.181
344.244
345.516
345.558
346.744
346.769
348.023
348.04
349.287
349.287
350.507
350.576
351.75
351.756
353.081
353.066
354.256
354.284
355.589
355.579
356.844
356.902
358.108
358.089
359.376
359.378
360.578
360.62
361.934
361.854
363.13
363.161
364.372
364.417
365.627
365.678
366.976
366.933
368.16
368.175
369.424
369.525
370.762
370.689
371.946
372.038
373.246
373.239
374.472
374.457
375.821
375.758
376.922
376.972
378.292
378.302
379.545
379.525
380.794
380.816
382.014
382.11
383.343
383.33
384.596
384.581
385.891
385.951
387.135
387.118
388.353
388.477
389.631
389.588
390.869
390.963
392.122
392.104
393.349
393.427
394.635
394.627
395.979
395.941
397.136
397.169
398.486
398.346
399.741
399.72
401.008
400.932
402.175
402.194
403.515
403.475
404.736
404.743
405.979
405.951
407.271
407.307
408.48
408.537
409.79
409.755
411.003
411.12
412.239
412.204
413.561
413.552
414.722
414.889
416.036
415.979
417.425
417.329
418.516
418.558
419.849
419.901
421.118
421.093
422.312
422.384
423.678
423.639
424.835
424.915
426.203
426.175
427.426
427.418
428.729
428.698
429.911
429.911
431.259
431.238
432.422
432.448
433.721
433.698
435.009
434.963
436.15
436.235
437.482
437.491
438.711
438.766
440.009
439.956
441.223
441.252
442.53
442.545
443.763
443.763
445.054
445.091
446.282
446.377
447.577
447.547
448.845
448.854
450.066
450.19
451.384
451.307
452.626
452.665
453.872
453.847
455.121
455.155
456.389
456.382
457.692
457.648
458.823
458.933
460.147
460.239
461.392
461.397
462.72
462.73
464.021
463.939
465.188
465.211
466.547
466.537
467.647
467.711
469.014
469.012
470.243
470.244
471.507
471.517
472.761
472.72
474.064
474.069
475.276
475.309
476.572
476.52
477.812
477.879
479.07
479.076
480.356
480.326
481.552
481.686
482.888
482.806
484.19
484.155
485.375
485.359
486.643
486.637
487.869
487.902
489.2
489.146
490.401
490.376
491.689
491.719
492.925
492.843
494.208
494.196
495.473
495.452
496.667
496.751
498.023
497.894
499.153
499.259
500.503
500.455
501.773
501.777
503.026
503.098
504.377
504.271
505.495
505.631
506.836
506.704
508.025
508.038
509.273
509.365
510.612
510.563
511.752
511.788
513.095
513.086
514.288
514.364
515.596
515.636
516.834
516.882
518.188
518.146
519.372
519.413
520.628
520.662
521.962
521.919
523.196
523.244
524.427
524.463
525.708
525.7
526.959
526.921
528.211
528.21
529.463
529.477
530.757
530.731
531.969
532.015
533.313
533.208
534.473
534.545
535.78
535.72
537.02
537.046
538.282
538.312
539.566
539.499
540.788
540.835
542.069
542.022
543.312
543.35
544.6
544.619
545.832
545.892
547.197
547.072
548.291
548.345
549.667
549.635
550.859
550.879
552.107
552.125
553.456
553.412
554.659
554.656
555.912
555.876
557.184
557.241
558.424
558.447
559.661
559.714
560.983
560.97
562.255
562.233
563.591
563.439
564.72
564.803
566.062
565.96
567.379
567.295
568.601
568.493
569.783
569.8
571.147
571.104
572.291
572.334
573.635
573.495
574.765
574.846
576.07
575.987
577.399
577.347
578.586
578.576
579.874
579.835
581.123
581.154
582.474
582.461
583.566
583.686
584.94
584.921
586.091
586.165
587.442
587.4
588.668
588.646
589.952
589.933
591.198
591.156
592.486
592.498
593.745
593.761
595.025
594.993
596.242
596.322
597.621
597.538
598.767
598.788
600.153
600.001
601.238
601.325
602.61
602.503
603.758
603.825
605.145
605.059
606.331
606.432
607.72
607.455
608.722
608.847
610.096
609.937
611.38
611.3
612.684
612.576
614.037
613.894
615.119
615.179
616.46
616.331
617.661
617.64
618.91
618.985
620.178
620.177
621.48
621.394
622.653
622.74
623.993
623.995
625.173
625.195
626.5
626.536
627.668
627.676
628.998
629.019
630.225
630.238
631.513
631.454
632.751
632.776
634.031
634.057
635.304
635.276
636.552
636.566
637.819
637.783
639.019
639.101
640.352
640.332
641.675
641.538
642.845
642.863
644.129
644.13
645.418
645.306
646.59
646.625
647.827
647.924
649.135
649.246
650.487
650.367
651.592
651.696
652.928
652.962
654.246
654.16
655.556
655.477
656.724
656.675
657.973
657.982
659.26
659.228
660.484
660.497
661.783
661.774
662.96
662.938
664.275
664.245
665.522
665.544
666.834
666.826
668.072
668.089
669.374
669.326
670.57
670.653
671.895
671.8
673.093
673.102
674.392
674.362
675.619
675.572
676.974
676.896
678.139
678.213
679.418
679.404
680.683
680.696
681.945
681.93
683.153
683.187
684.514
684.434
685.73
685.635
687.032
686.934
688.348
688.208
689.436
689.54
690.82
690.718
691.959
691.972
693.324
693.314
694.503
694.505
695.778
695.798
697.061
697.105
698.243
698.261
699.562
699.629
700.891
700.77
702.016
702.129
703.342
703.263
704.596
704.635
705.857
705.746
707.18
707.104
708.403
708.421
709.619
709.633
710.894
710.865
712.174
712.211
713.382
713.339
714.722
714.713
715.919
715.997
717.182
717.179
718.502
718.569
719.733
719.642
720.964
721.001
722.254
722.285
723.533
723.483
724.75
724.834
725.966
726.031
727.278
727.384
728.601
728.545
729.803
729.815
731.099
731.049
732.296
732.375
733.593
733.564
734.822
734.872
736.161
736.091
737.307
737.408
738.621
738.622
739.899
739.938
741.092
741.117
742.439
742.45
743.702
743.657
744.882
744.87
746.21
746.156
747.461
747.475
748.711
748.8
749.997
749.966
751.187
751.285
752.515
752.567
753.739
753.763
754.995
755.026
756.293
756.243
757.552
757.59
758.768
758.792
759.987
760.044
761.261
761.323
762.569
762.495
763.866
763.834
765.105
765.067
766.343
766.343
767.618
767.618
768.846
768.882
770.15
770.06
771.351
771.408
772.682
772.527
773.913
773.847
775.163
775.161
776.489
776.476
777.686
777.707
778.975
778.93
780.25
780.164
781.452
781.456
782.726
782.79
784.007
783.902
785.23
785.226
786.5
786.514
787.781
787.794
789.059
789.008
790.34
790.305
791.536
791.566
792.797
792.82
794.128
794.038
795.275
795.334
796.58
796.581
797.849
797.82
799.083
799.092
800.366
800.343
801.632
801.644
802.862
802.929
804.194
804.146
805.368
805.498
806.703
806.646
807.904
807.984
809.185
809.202
810.428
810.424
811.71
811.723
812.951
812.991
814.245
814.234
815.538
815.543
816.691
816.751
818.041
818.092
819.196
819.217
820.522
820.576
821.786
821.714
823.04
823.095
824.302
824.28
825.587
825.579
826.735
826.913
828.093
828.024
829.277
829.391
830.566
830.518
831.879
831.854
833.08
833.185
834.39
834.391
835.579
835.667
836.924
836.902
838.112
838.243
839.454
839.372
840.624
840.717
841.981
841.984
843.177
843.194
844.461
844.571
845.724
845.654
846.979
846.987
848.252
848.281
849.483
849.534
850.759
850.79
852.105
852
853.422
853.341
854.596
854.677
855.952
855.716
856.997
857.08
858.367
858.262
859.52
859.571
860.824
860.817
862.034
862.083
863.33
863.351
864.623
864.536
865.878
865.874
867.148
867.211
868.417
868.458
869.733
869.672
870.888
871.044
872.229
872.148
873.397
873.505
874.724
874.682
875.929
875.965
877.297
877.242
878.4
878.433
879.776
879.717
880.962
880.996
882.288
882.218
883.527
883.486
884.753
884.821
886.094
886.003
887.329
887.275
888.543
888.57
889.831
889.805
891.11
891.039
892.291
892.364
893.634
893.583
894.856
894.87
896.105
896.111
897.453
897.414
898.563
898.71
899.933
899.867
901.157
901.216
902.482
902.347
903.664
903.712
904.968
905
906.278
906.24
907.472
907.541
908.816
908.784
910.18
910.163
911.226
-11.0176
-10.0172
-10.0009
-8.64827
-8.63231
-7.30083
-7.39583
-6.09626
-6.08046
-4.79418
-4.77879
-3.52766
-3.55911
-2.27643
-2.24391
-0.992834
-1.01156
0.227015
0.307445
1.58103
1.57307
2.70538
2.74799
4.06411
4.07292
5.19668
5.23529
6.48267
6.57383
7.79949
7.76722
9.14744
9.10492
10.2549
10.3248
11.5517
11.6502
12.8648
12.8467
14.2042
14.0801
15.3604
15.4156
16.6742
16.6752
17.8705
17.9104
19.166
19.158
20.4604
20.4257
21.6977
21.6935
22.9194
22.9541
24.2203
24.2196
25.52
25.4843
26.8456
26.7264
27.9353
27.9809
29.2915
29.311
30.5066
30.5075
31.8291
31.7392
32.9981
33.0694
34.3534
34.2929
35.5471
35.4813
36.8066
36.8333
38.1441
38.034
39.2691
39.3105
40.6404
40.6208
41.8287
41.8337
43.1227
43.1329
44.3382
44.3855
45.5925
45.6186
46.8775
46.8964
48.2006
48.1777
49.5342
49.3747
50.6607
50.7029
51.9989
51.8988
53.2289
53.194
54.4357
54.4456
55.6866
55.7115
57.0592
56.9994
58.2082
58.2265
59.5739
59.4865
60.7384
60.7592
62.0346
61.987
63.2575
63.2785
64.5755
64.5584
65.8449
65.8878
67.0748
66.9654
68.2526
68.3357
69.5855
69.4879
70.9097
70.8328
72.0555
72.0222
73.3613
73.3231
74.5724
74.6325
75.8609
75.8646
77.1453
77.1661
78.3151
78.3408
79.646
79.7026
80.9194
80.8823
82.2327
82.1147
83.3999
83.4241
84.6622
84.7461
86.0056
85.93
87.2174
87.2313
88.447
88.497
89.7851
89.6778
90.9815
91.0255
92.2561
92.2789
93.5696
93.4914
94.7605
94.8465
96.0602
96.0182
97.3158
97.2534
98.5571
98.5943
99.8155
99.8284
101.049
101.077
102.401
102.295
103.611
103.623
104.874
104.963
106.121
106.026
107.375
107.406
108.702
108.58
109.881
109.882
111.122
111.142
112.47
112.411
113.593
113.644
114.942
114.912
116.159
116.196
117.452
117.418
118.687
118.699
120.022
119.992
121.244
121.238
122.503
122.453
123.747
123.811
124.988
124.966
126.261
126.313
127.535
127.602
128.792
128.797
130.068
130.082
131.319
131.359
132.587
132.52
133.87
133.903
135.069
135.057
136.335
136.448
137.62
137.499
138.814
138.871
140.128
140.005
141.422
141.35
142.745
142.724
143.98
143.838
145.17
145.213
146.445
146.343
147.68
147.725
148.956
148.934
150.209
150.218
151.46
151.497
152.791
152.718
153.979
153.987
155.277
155.258
156.505
156.482
157.76
157.788
159.038
159.04
160.245
160.29
161.602
161.561
162.847
162.757
164.065
164.061
165.42
165.37
166.562
166.605
167.936
167.869
169.03
169.068
170.417
170.344
171.553
171.697
172.881
172.909
174.098
174.108
175.315
175.451
176.644
176.667
177.963
177.892
179.189
179.201
180.433
180.462
181.75
181.805
182.976
182.958
184.216
184.247
185.56
185.552
186.712
186.664
188.007
188.02
189.308
189.235
190.526
190.521
191.816
191.699
193.042
193.025
194.328
194.342
195.559
195.539
196.856
196.89
198.17
198.094
199.282
199.382
200.648
200.645
201.876
201.868
203.051
203.23
204.41
204.302
205.609
205.656
206.978
206.931
208.183
208.284
209.517
209.427
210.736
210.677
211.979
212.056
213.215
213.173
214.508
214.532
215.692
215.747
217.038
217.008
218.228
218.25
219.562
219.542
220.7
220.733
222.016
222.114
223.354
223.271
224.476
224.657
225.805
225.716
226.974
227.101
228.297
228.223
229.59
229.576
230.892
230.816
232.126
232.024
233.379
233.341
234.625
234.647
235.913
235.954
237.094
237.158
238.456
238.429
239.542
239.781
240.927
240.874
242.117
242.235
243.424
243.415
244.689
244.728
245.907
245.989
247.24
247.257
248.571
248.519
249.704
249.732
251.043
250.999
252.275
252.271
253.549
253.52
254.78
254.806
256.101
256.046
257.27
257.266
258.617
258.614
259.828
259.828
261.094
261.089
262.324
262.367
263.568
263.61
264.894
264.873
266.11
266.128
267.376
267.408
268.686
268.628
269.955
269.908
271.152
271.162
272.438
272.503
273.765
273.615
274.967
274.96
276.191
276.283
277.489
277.438
278.75
278.694
280
280.027
281.249
281.27
282.544
282.499
283.749
283.842
285.12
285.02
286.217
286.3
287.571
287.635
288.788
288.742
290.058
290.106
291.369
291.319
292.702
292.598
293.879
293.837
295.228
295.161
296.306
296.374
297.67
297.697
298.861
298.855
300.183
300.226
301.354
301.348
302.671
302.671
304.005
304.011
305.175
305.125
306.523
306.505
307.641
307.618
308.962
308.956
310.294
310.242
311.594
311.462
312.719
312.827
314.024
313.934
315.364
315.311
316.468
316.499
317.856
317.809
318.978
319.013
320.35
320.291
321.543
321.56
322.839
322.781
324.128
324.068
325.348
325.416
326.615
326.587
327.872
327.881
329.228
329.085
330.419
330.406
331.683
331.673
332.939
332.958
334.114
334.281
335.444
335.422
336.781
336.701
337.938
338.004
339.225
339.145
340.505
340.48
341.681
341.743
342.995
343.089
344.334
344.266
345.505
345.543
346.78
346.801
348.063
348.042
349.264
349.278
350.625
350.54
351.756
351.775
353.078
353.107
354.424
354.357
355.496
355.604
356.863
356.849
358.063
358.115
359.315
359.36
360.658
360.574
361.863
361.907
363.149
363.193
364.385
364.386
365.714
365.75
366.958
366.879
368.195
368.203
369.431
369.448
370.73
370.704
371.974
372.018
373.23
373.254
374.435
374.482
375.743
375.741
377.069
376.968
378.242
378.224
379.561
379.563
380.779
380.8
382.107
382.019
383.31
383.314
384.611
384.577
385.858
385.877
387.185
387.08
388.285
388.314
389.621
389.636
390.876
390.899
392.219
392.072
393.318
393.384
394.677
394.626
395.763
395.895
397.124
397.143
398.467
398.403
399.74
399.672
400.916
400.919
402.275
402.273
403.45
403.477
404.745
404.742
406.029
406.008
407.267
407.243
408.521
408.532
409.76
409.798
411.059
411.026
412.252
412.322
413.589
413.525
414.743
414.865
416.046
415.974
417.342
417.319
418.576
418.558
419.884
419.838
421.075
421.212
422.369
422.3
423.595
423.659
424.927
424.873
426.163
426.088
427.36
427.405
428.684
428.682
430.024
429.938
431.099
431.247
432.474
432.471
433.651
433.777
435.006
434.942
436.17
436.243
437.523
437.445
438.708
438.785
440.028
439.883
441.262
441.237
442.534
442.55
443.822
443.849
445.065
445.072
446.425
446.299
447.536
447.591
448.895
448.835
450.075
450.095
451.349
451.337
452.598
452.649
453.845
453.848
455.126
455.17
456.373
456.405
457.696
457.678
458.911
458.879
460.238
460.183
461.417
461.431
462.768
462.605
463.893
463.928
465.246
465.19
466.5
466.433
467.689
467.782
469.056
469.085
470.118
470.186
471.486
471.592
472.81
472.708
474.003
474.04
475.233
475.353
476.562
476.512
477.813
477.861
479.064
479.068
480.248
480.329
481.59
481.571
482.919
482.821
484.054
484.05
485.4
485.402
486.659
486.586
487.847
487.865
489.211
489.182
490.332
490.391
491.708
491.668
492.884
492.888
494.175
494.114
495.453
495.47
496.797
496.715
498.027
497.935
499.287
499.283
500.463
500.444
501.861
501.797
502.95
503.005
504.316
504.244
505.509
505.537
506.778
506.812
508.03
508.038
509.314
509.314
510.518
510.567
511.889
511.829
512.965
513.049
514.342
514.399
515.54
515.587
516.835
516.872
518.169
518.128
519.4
519.34
520.676
520.707
521.911
521.831
523.146
523.173
524.38
524.513
525.664
525.657
526.978
526.958
528.293
528.18
529.402
529.48
530.734
530.712
532.011
532.038
533.299
533.278
534.417
534.42
535.777
535.79
536.925
536.996
538.257
538.247
539.501
539.614
540.826
540.816
542.095
542.031
543.323
543.363
544.579
544.575
545.797
545.858
547.087
547.1
548.359
548.413
549.599
549.622
550.858
550.858
552.133
552.157
553.336
553.372
554.675
554.666
555.983
555.925
557.251
557.104
558.408
558.43
559.715
559.732
560.92
560.958
562.263
562.275
563.511
563.418
564.853
564.765
565.927
566.025
567.259
567.343
568.529
568.535
569.712
569.781
571.074
571.023
572.299
572.316
573.591
573.512
574.787
574.853
576.08
576.085
577.388
577.364
578.6
578.546
579.892
579.895
581.131
581.132
582.409
582.384
583.634
583.669
584.873
584.888
586.241
586.212
587.367
587.463
588.746
588.68
589.861
589.969
591.235
591.223
592.407
592.443
593.735
593.766
595.044
594.891
596.346
596.24
597.46
597.472
598.852
598.826
599.902
599.969
601.273
601.343
602.497
602.486
603.784
603.833
605.077
605.036
606.363
606.324
607.54
607.547
608.927
608.873
610.055
610.192
611.43
611.303
612.555
612.648
613.905
613.803
615.244
615.147
616.338
616.42
617.685
617.62
618.917
618.9
620.195
620.224
621.439
621.412
622.712
622.729
623.968
624.055
625.247
625.165
626.442
626.517
627.777
627.792
628.972
629.023
630.334
630.268
631.453
631.619
632.802
632.816
634.172
634.09
635.211
635.37
636.609
636.577
637.737
637.937
639.076
639.043
640.343
640.361
641.604
641.684
642.864
642.802
644.208
644.18
645.314
645.295
646.656
646.64
648.017
647.835
649.151
649.171
650.527
650.466
651.616
651.657
652.974
652.991
654.098
654.198
655.433
655.471
656.765
656.661
657.953
657.984
659.196
659.326
660.519
660.399
661.683
661.739
663.011
663.041
664.367
664.367
665.51
665.577
666.811
666.827
668.047
668.088
669.265
669.319
670.603
670.578
671.848
671.833
673.067
673.079
674.393
674.355
675.7
675.532
676.789
676.866
678.169
678.124
679.382
679.376
680.699
680.659
681.96
682.018
683.134
683.19
684.439
684.537
685.762
685.667
686.92
687.027
688.161
688.141
689.459
689.496
690.772
690.846
692.022
691.992
693.272
693.367
694.541
694.47
695.695
695.833
697.036
696.992
698.279
698.35
699.609
699.547
700.856
700.815
702.044
702.102
703.388
703.323
704.502
704.613
705.825
705.858
707.083
707.175
708.361
708.395
709.69
709.661
711.015
710.893
712.11
712.221
713.459
713.453
714.681
714.685
716.007
715.973
717.174
717.213
718.47
718.45
719.749
719.764
720.986
720.952
722.264
722.313
723.518
723.436
724.777
724.79
726.054
726.01
727.241
727.252
728.587
728.58
729.769
729.745
731.142
731.08
732.273
732.322
733.614
733.599
734.865
734.87
736.129
736.107
737.445
737.34
738.663
738.616
739.931
739.915
741.162
741.247
742.493
742.329
743.626
743.688
744.977
744.849
746.13
746.165
747.435
747.436
748.703
748.691
749.913
749.953
751.233
751.215
752.537
752.413
753.735
753.721
755.036
755.044
756.265
756.292
757.544
757.502
758.842
758.73
759.995
760.046
761.371
761.358
762.495
762.572
763.844
763.83
765.069
765.106
766.347
766.332
767.578
767.687
768.878
768.844
770.095
770.153
771.45
771.406
772.578
772.63
773.914
773.916
775.149
775.131
776.438
776.412
777.673
777.608
778.967
778.915
780.168
780.21
781.515
781.549
782.686
782.651
783.981
784.008
785.287
785.343
786.511
786.49
787.764
787.784
789.039
789.03
790.307
790.221
791.474
791.564
792.799
792.8
794.119
793.994
795.218
795.301
796.534
796.613
797.843
797.942
799.136
799.103
800.386
800.406
801.689
801.644
802.896
802.887
804.192
804.179
805.412
805.377
806.685
806.681
807.92
807.952
809.139
809.171
810.482
810.47
811.731
811.661
812.953
813.002
814.229
814.226
815.443
815.464
816.736
816.697
818.046
818.046
819.26
819.245
820.519
820.513
821.765
821.796
822.991
823.003
824.334
824.358
825.555
825.546
826.826
826.823
828.108
828.069
829.344
829.353
830.608
830.552
831.867
831.863
833.121
833.189
834.404
834.348
835.65
835.646
836.91
836.956
838.205
838.12
839.446
839.483
840.674
840.665
841.949
841.95
843.205
843.197
844.423
844.462
845.754
845.697
846.968
846.994
848.214
848.192
849.557
849.538
850.756
850.723
852.039
852.028
853.309
853.253
854.478
854.592
855.772
855.809
857.12
857.038
858.235
858.391
859.6
859.528
860.745
860.872
862.072
862.082
863.389
863.377
864.6
864.65
865.879
865.884
867.153
867.138
868.354
868.449
869.7
869.681
870.899
870.951
872.18
872.25
873.38
873.453
874.715
874.689
876.063
875.966
877.178
877.163
878.528
878.502
879.705
879.748
880.986
880.931
882.267
882.258
883.421
883.564
884.736
884.818
886.06
886.116
887.369
887.262
888.533
888.605
889.845
889.812
891.037
891.062
892.382
892.332
893.593
893.658
894.832
894.907
896.087
896.126
897.416
897.398
898.631
898.695
899.932
899.839
901.087
901.165
902.399
902.478
903.721
903.821
905.052
904.977
906.238
906.34
907.612
907.542
908.761
908.786
910.162
910.181
911.187
911.028
-10.0182
-9.90661
-8.60871
-8.56555
-7.36073
-7.37172
-6.1274
-6.07276
-4.76742
-4.85805
-3.5203
-3.52355
-2.27483
-2.23781
-0.940354
-0.920736
0.221511
0.240745
1.58919
1.59751
2.73594
2.77633
4.05378
4.11084
5.26822
5.29948
6.55004
6.60704
7.85747
7.85695
9.06359
9.04123
10.3833
10.3938
11.5757
11.5849
12.8732
12.868
14.1643
14.1472
15.4038
15.3204
16.6035
16.6554
17.8563
17.9387
19.1782
19.2171
20.4629
20.3935
21.7093
21.7617
22.9523
22.9905
24.2332
24.2377
25.4471
25.4997
26.8112
26.7283
27.87
27.963
29.2495
29.2063
30.4749
30.5135
31.7996
31.7743
33.0061
33.0463
34.2911
34.2739
35.5513
35.5533
36.8412
36.8398
38.0705
38.089
39.3464
39.3072
40.6445
40.639
41.8376
41.8977
43.1522
43.0767
44.3283
44.3951
45.6801
45.7263
46.9139
46.8985
48.0901
48.1588
49.4289
49.4966
50.5433
50.6337
51.8604
51.9556
53.1554
53.195
54.4686
54.5026
55.7828
55.6765
56.9708
57.03
58.2518
58.2376
59.5155
59.4408
60.7571
60.8034
62.0164
61.9322
63.3009
63.2198
64.5329
64.5044
65.7971
65.8091
67.0464
67.0999
68.3012
68.3714
69.5871
69.5617
70.8444
70.8397
72.0877
72.1473
73.4322
73.3636
74.6127
74.6137
75.8875
75.9012
77.1101
77.1423
78.4562
78.4378
79.6792
79.698
80.8832
80.8504
82.1799
82.1866
83.392
83.3598
84.6441
84.6796
85.9643
85.9313
87.2621
87.2288
88.4731
88.4303
89.7343
89.8032
90.9513
90.9609
92.2896
92.2385
93.4876
93.5302
94.7444
94.7507
96.0487
96.0001
97.2143
97.3422
98.5771
98.4774
99.7461
99.8052
101.038
101.134
102.385
102.325
103.539
103.508
104.858
104.812
106.1
106.135
107.338
107.462
108.63
108.57
109.96
109.949
111.108
111.053
112.433
112.413
113.658
113.751
114.94
114.899
116.231
116.205
117.458
117.417
118.791
118.686
119.895
119.948
121.259
121.25
122.585
122.504
123.737
123.835
125.016
124.952
126.345
126.332
127.461
127.438
128.807
128.809
130.015
130.013
131.318
131.328
132.648
132.529
133.885
133.894
135.069
135
136.355
136.342
137.627
137.642
138.838
138.885
140.133
140.144
141.301
141.455
142.64
142.586
143.908
143.964
145.13
145.089
146.418
146.466
147.733
147.648
148.952
148.994
150.213
150.165
151.445
151.466
152.731
152.802
153.964
153.981
155.246
155.264
156.439
156.46
157.748
157.807
159.059
159.001
160.389
160.286
161.569
161.55
162.905
162.811
164.1
164.142
165.348
165.309
166.578
166.595
167.921
167.9
169.155
169.039
170.417
170.406
171.713
171.645
172.909
172.854
174.176
174.162
175.427
175.451
176.663
176.696
177.93
177.959
179.21
179.151
180.46
180.506
181.671
181.645
183.036
182.979
184.126
184.192
185.484
185.492
186.811
186.799
187.985
188.011
189.278
189.336
190.588
190.517
191.771
191.85
193.119
193.049
194.367
194.311
195.57
195.598
196.87
196.79
198.101
198.103
199.345
199.31
200.62
200.647
201.828
201.848
203.142
203.171
204.374
204.389
205.684
205.679
206.81
206.888
208.131
208.211
209.488
209.382
210.613
210.678
211.937
211.98
213.227
213.209
214.474
214.482
215.719
215.751
217.005
216.983
218.271
218.257
219.524
219.527
220.818
220.711
222.036
222.017
223.269
223.331
224.545
224.565
225.743
225.788
227.053
227.08
228.388
228.418
229.483
229.559
230.808
230.867
232.108
232.19
233.439
233.531
234.744
234.606
235.835
235.965
237.187
237.095
238.345
238.397
239.708
239.712
240.866
240.945
242.205
242.189
243.461
243.476
244.699
244.693
245.965
245.964
247.317
247.19
248.444
248.481
249.814
249.683
251.006
251.013
252.268
252.318
253.55
253.631
254.779
254.784
256.052
256.075
257.336
257.312
258.553
258.516
259.863
259.89
261.055
261.067
262.353
262.363
263.64
263.664
264.859
264.842
266.136
266.216
267.449
267.518
268.704
268.633
269.966
269.999
271.118
271.122
272.478
272.425
273.601
273.702
274.931
274.923
276.239
276.211
277.482
277.482
278.698
278.748
280.044
279.989
281.197
281.344
282.482
282.438
283.806
283.773
284.98
285.12
286.31
286.159
287.602
287.494
288.845
288.824
290.078
290.054
291.351
291.33
292.588
292.627
293.86
293.857
295.102
295.129
296.394
296.38
297.574
297.635
298.906
298.894
300.11
300.151
301.446
301.385
302.655
302.674
303.919
303.952
305.273
305.194
306.449
306.462
307.808
307.693
308.871
308.969
310.211
310.253
311.548
311.494
312.663
312.765
313.994
314.034
315.241
315.244
316.595
316.563
317.765
317.764
319.131
319.065
320.23
320.242
321.573
321.559
322.728
322.886
324.045
324.05
325.341
325.314
326.665
326.567
327.889
327.902
329.173
329.166
330.344
330.353
331.663
331.715
332.883
332.818
334.198
334.183
335.401
335.426
336.719
336.712
337.903
337.904
339.232
339.252
340.475
340.436
341.74
341.726
343.008
343.015
344.286
344.23
345.497
345.52
346.857
346.839
348.015
347.989
349.387
349.295
350.48
350.566
351.84
351.737
353.005
353.044
354.323
354.374
355.616
355.506
356.82
356.849
358.111
358.044
359.379
359.302
360.607
360.594
361.848
361.916
363.16
363.139
364.357
364.408
365.672
365.692
367.007
366.96
368.209
368.101
369.447
369.477
370.767
370.659
371.962
371.951
373.249
373.239
374.458
374.499
375.802
375.749
377.009
377.023
378.217
378.261
379.582
379.499
380.714
380.792
382.071
382.018
383.306
383.276
384.606
384.551
385.799
385.802
387.11
387.092
388.305
388.392
389.671
389.593
390.786
390.845
392.145
392.181
393.299
393.338
394.664
394.676
395.859
395.891
397.183
397.176
398.363
398.526
399.684
399.664
400.943
400.944
402.213
402.213
403.489
403.469
404.706
404.737
406.048
406.08
407.315
407.212
408.509
408.568
409.851
409.682
411.027
411.036
412.289
412.263
413.645
413.58
414.815
414.852
416.173
416.078
417.257
417.404
418.629
418.652
419.761
419.808
421.13
421.168
422.371
422.347
423.616
423.648
424.921
424.863
426.088
426.209
427.398
427.354
428.679
428.711
430.009
429.894
431.186
431.231
432.487
432.489
433.716
433.694
435.068
435.037
436.236
436.231
437.493
437.481
438.784
438.737
439.961
440.003
441.251
441.276
442.528
442.549
443.716
443.805
444.991
445.031
446.354
446.338
447.547
447.542
448.826
448.831
450.114
450.129
451.326
451.333
452.677
452.619
453.893
453.908
455.1
455.088
456.439
456.422
457.62
457.618
458.894
458.914
460.154
460.067
461.445
461.39
462.705
462.72
463.952
464.044
465.203
465.185
466.449
466.471
467.739
467.741
469.015
468.951
470.21
470.262
471.55
471.46
472.748
472.733
474.043
474.039
475.34
475.261
476.565
476.604
477.866
477.934
479.019
479.051
480.37
480.395
481.553
481.502
482.895
482.864
484.106
484.059
485.354
485.357
486.637
486.606
487.862
487.9
489.165
489.14
490.332
490.416
491.688
491.675
492.803
492.894
494.14
494.242
495.481
495.439
496.742
496.68
497.973
497.994
499.235
499.201
500.508
500.508
501.749
501.768
503.017
503
504.29
504.274
505.455
505.536
506.786
506.791
508.105
508.028
509.304
509.31
510.5
510.579
511.825
511.837
513.152
513.096
514.337
514.37
515.629
515.562
516.868
516.926
518.195
518.021
519.365
519.393
520.632
520.616
521.938
521.923
523.163
523.134
524.434
524.477
525.701
525.672
526.954
526.888
528.205
528.244
529.468
529.338
530.704
530.696
531.96
532.015
533.23
533.337
534.51
534.441
535.786
535.792
537.011
536.993
538.282
538.303
539.538
539.54
540.808
540.885
542.041
542.027
543.392
543.367
544.486
544.626
545.856
545.83
547.059
547.187
548.269
548.343
549.643
549.666
550.861
550.845
552.124
552.096
553.405
553.421
554.637
554.696
555.894
555.949
557.162
557.26
558.417
558.466
559.68
559.704
561.002
560.978
562.243
562.211
563.508
563.502
564.674
564.746
566.038
565.974
567.243
567.312
568.502
568.541
569.806
569.764
571.119
571.129
572.254
572.262
573.6
573.615
574.798
574.796
576.063
576.085
577.377
577.31
578.592
578.546
579.849
579.906
581.201
581.132
582.394
582.405
583.668
583.666
584.924
584.927
586.243
586.101
587.423
587.435
588.722
588.633
589.895
589.928
591.207
591.214
592.508
592.545
593.688
593.651
594.985
595.004
596.206
596.322
597.518
597.476
598.756
598.759
600.077
600.097
601.285
601.17
602.513
602.538
603.87
603.748
605.048
605.05
606.322
606.273
607.607
607.621
608.772
608.941
610.133
609.99
611.322
611.322
612.622
612.68
613.854
613.854
615.118
615.096
616.37
616.415
617.635
617.74
618.921
618.912
620.194
620.14
621.423
621.45
622.766
622.713
623.99
623.879
625.254
625.233
626.48
626.497
627.762
627.779
629.024
629.049
630.244
630.29
631.548
631.533
632.815
632.884
634.067
634.033
635.298
635.32
636.645
636.597
637.824
637.826
639.118
639.026
640.364
640.339
641.584
641.668
642.896
642.863
644.122
644.114
645.486
645.439
646.612
646.604
647.95
647.99
649.133
649.104
650.472
650.466
651.64
651.727
652.996
652.906
654.114
654.198
655.446
655.473
656.777
656.696
657.977
657.922
659.224
659.245
660.497
660.561
661.786
661.861
663.007
663.034
664.264
664.269
665.613
665.621
666.741
666.769
668.079
668.124
669.318
669.234
670.571
670.56
671.802
671.868
673.088
673.098
674.281
674.309
675.615
675.638
676.925
676.946
678.158
678.102
679.445
679.452
680.622
680.695
681.92
681.947
683.226
683.226
684.539
684.394
685.75
685.735
686.946
687.075
688.27
688.181
689.497
689.535
690.676
690.72
692.034
691.978
693.165
693.272
694.499
694.52
695.75
695.789
697.025
697.049
698.31
698.322
699.551
699.581
700.887
700.847
702.065
702.098
703.297
703.331
704.63
704.604
705.942
705.897
707.238
707.101
708.414
708.378
709.683
709.7
710.974
710.853
712.15
712.164
713.521
713.435
714.651
714.651
716.026
715.965
717.137
717.235
718.515
718.423
719.715
719.769
720.969
721.096
722.309
722.201
723.475
723.55
724.825
724.723
725.947
726
727.303
727.348
728.473
728.535
729.813
729.894
731.057
731.05
732.326
732.424
733.577
733.54
734.826
734.924
736.073
736.009
737.411
737.385
738.507
738.515
739.814
739.831
741.123
741.096
742.447
742.44
743.626
743.666
744.933
744.904
746.164
746.191
747.454
747.54
748.683
748.632
749.965
750.01
751.195
751.22
752.471
752.492
753.752
753.755
754.992
755.029
756.316
756.26
757.451
757.578
758.843
758.843
759.999
760.023
761.309
761.413
762.608
762.538
763.821
763.876
765.107
765.098
766.349
766.305
767.592
767.654
768.849
768.799
770.163
770.159
771.368
771.396
772.647
772.64
773.975
773.919
775.12
775.139
776.486
776.48
777.612
777.711
778.967
778.943
780.155
780.189
781.512
781.448
782.749
782.663
783.946
784.012
785.283
785.192
786.43
786.497
787.809
787.794
788.988
788.981
790.266
790.315
791.557
791.512
792.785
792.823
794.08
794.032
795.326
795.325
796.586
796.605
797.839
797.769
799.1
799.135
800.429
800.372
801.569
801.627
802.912
802.839
804.181
804.168
805.428
805.409
806.67
806.68
807.963
807.947
809.157
809.136
810.508
810.478
811.616
811.628
812.946
812.979
814.213
814.163
815.473
815.456
816.741
816.749
817.933
817.996
819.258
819.308
820.57
820.485
821.88
821.824
823.016
823.003
824.33
824.312
825.574
825.553
826.886
826.89
828.083
828.082
829.365
829.367
830.559
830.64
831.914
831.845
833.039
833.192
834.366
834.313
835.695
835.637
836.881
836.958
838.155
838.178
839.363
839.378
840.701
840.691
841.958
841.936
843.192
843.257
844.55
844.442
845.732
845.748
847
846.977
848.255
848.208
849.497
849.505
850.752
850.719
852.04
852.001
853.288
853.327
854.538
854.483
855.799
855.849
857.061
857.059
858.262
858.317
859.597
859.618
860.892
860.811
862.138
862.124
863.4
863.339
864.621
864.687
865.958
865.819
867.145
867.189
868.412
868.376
869.667
869.741
870.951
870.839
872.141
872.176
873.481
873.419
874.666
874.711
875.977
875.936
877.22
877.255
878.487
878.437
879.728
879.68
881.024
881.008
882.257
882.354
883.527
883.497
884.804
884.789
886.013
886.078
887.374
887.294
888.517
888.58
889.832
889.725
891.139
891.081
892.354
892.383
893.607
893.593
894.871
894.874
896.142
896.131
897.407
897.384
898.638
898.699
899.924
899.967
901.186
901.179
902.426
902.466
903.738
903.694
904.964
904.996
906.24
906.177
907.53
907.508
908.767
908.812
910.151
910.202
911.189
911.237
911.136
911.172
-11.0481
-10.9956
911.222
911.181
911.204
911.118
