1.0
16.290000	0.0	0.0
0.000000	16.290000	0.0
0.000000	0.000000	16.290000
198	18	
0.0 0.0 0.0
0.166666666667 0.166666666667 0.0
0.0833333333333 0.0833333333333 0.0833333333333
0.25 0.25 0.0833333333333
0.166666666667 0.0 0.166666666667
0.0 0.166666666667 0.166666666667
0.25 0.0833333333333 0.25
0.0833333333333 0.25 0.25
0.333333333333 0.0 0.0
0.5 0.166666666667 0.0
0.416666666667 0.0833333333333 0.0833333333333
0.583333333333 0.25 0.0833333333333
0.5 0.0 0.166666666667
0.333333333333 0.166666666667 0.166666666667
0.583333333333 0.0833333333333 0.25
0.416666666667 0.25 0.25
0.666666666667 0.0 0.0
0.833333333333 0.166666666667 0.0
0.75 0.0833333333333 0.0833333333333
0.916666666667 0.25 0.0833333333333
0.833333333333 0.0 0.166666666667
0.666666666667 0.166666666667 0.166666666667
0.916666666667 0.0833333333333 0.25
0.75 0.25 0.25
0.0 0.333333333333 0.0
0.166666666667 0.5 0.0
0.0833333333333 0.416666666667 0.0833333333333
0.25 0.583333333333 0.0833333333333
0.166666666667 0.333333333333 0.166666666667
0.0 0.5 0.166666666667
0.25 0.416666666667 0.25
0.0833333333333 0.583333333333 0.25
0.333333333333 0.333333333333 0.0
0.5 0.5 0.0
0.416666666667 0.416666666667 0.0833333333333
0.583333333333 0.583333333333 0.0833333333333
0.5 0.333333333333 0.166666666667
0.333333333333 0.5 0.166666666667
0.583333333333 0.416666666667 0.25
0.416666666667 0.583333333333 0.25
0.666666666667 0.333333333333 0.0
0.833333333333 0.5 0.0
0.75 0.416666666667 0.0833333333333
0.916666666667 0.583333333333 0.0833333333333
0.833333333333 0.333333333333 0.166666666667
0.666666666667 0.5 0.166666666667
0.916666666667 0.416666666667 0.25
0.75 0.583333333333 0.25
0.0 0.666666666667 0.0
0.166666666667 0.833333333333 0.0
0.0833333333333 0.75 0.0833333333333
0.166666666667 0.666666666667 0.166666666667
0.0 0.833333333333 0.166666666667
0.25 0.75 0.25
0.333333333333 0.666666666667 0.0
0.5 0.833333333333 0.0
0.416666666667 0.75 0.0833333333333
0.5 0.666666666667 0.166666666667
0.333333333333 0.833333333333 0.166666666667
0.583333333333 0.75 0.25
0.666666666667 0.666666666667 0.0
0.833333333333 0.833333333333 0.0
0.75 0.75 0.0833333333333
0.833333333333 0.666666666667 0.166666666667
0.666666666667 0.833333333333 0.166666666667
0.916666666667 0.75 0.25
0.0 0.0 0.333333333333
0.166666666667 0.166666666667 0.333333333333
0.0833333333333 0.0833333333333 0.416666666667
0.25 0.25 0.416666666667
0.166666666667 0.0 0.5
0.0 0.166666666667 0.5
0.25 0.0833333333333 0.583333333333
0.0833333333333 0.25 0.583333333333
0.333333333333 0.0 0.333333333333
0.5 0.166666666667 0.333333333333
0.416666666667 0.0833333333333 0.416666666667
0.583333333333 0.25 0.416666666667
0.5 0.0 0.5
0.333333333333 0.166666666667 0.5
0.583333333333 0.0833333333333 0.583333333333
0.416666666667 0.25 0.583333333333
0.666666666667 0.0 0.333333333333
0.833333333333 0.166666666667 0.333333333333
0.75 0.0833333333333 0.416666666667
0.916666666667 0.25 0.416666666667
0.833333333333 0.0 0.5
0.666666666667 0.166666666667 0.5
0.916666666667 0.0833333333333 0.583333333333
0.75 0.25 0.583333333333
0.0 0.333333333333 0.333333333333
0.166666666667 0.5 0.333333333333
0.0833333333333 0.416666666667 0.416666666667
0.25 0.583333333333 0.416666666667
0.166666666667 0.333333333333 0.5
0.0 0.5 0.5
0.25 0.416666666667 0.583333333333
0.0833333333333 0.583333333333 0.583333333333
0.333333333333 0.333333333333 0.333333333333
0.5 0.5 0.333333333333
0.416666666667 0.416666666667 0.416666666667
0.583333333333 0.583333333333 0.416666666667
0.5 0.333333333333 0.5
0.333333333333 0.5 0.5
0.583333333333 0.416666666667 0.583333333333
0.416666666667 0.583333333333 0.583333333333
0.666666666667 0.333333333333 0.333333333333
0.833333333333 0.5 0.333333333333
0.75 0.416666666667 0.416666666667
0.916666666667 0.583333333333 0.416666666667
0.833333333333 0.333333333333 0.5
0.666666666667 0.5 0.5
0.916666666667 0.416666666667 0.583333333333
0.75 0.583333333333 0.583333333333
0.0 0.666666666667 0.333333333333
0.166666666667 0.833333333333 0.333333333333
0.0833333333333 0.75 0.416666666667
0.166666666667 0.666666666667 0.5
0.0 0.833333333333 0.5
0.25 0.75 0.583333333333
0.333333333333 0.666666666667 0.333333333333
0.5 0.833333333333 0.333333333333
0.416666666667 0.75 0.416666666667
0.5 0.666666666667 0.5
0.333333333333 0.833333333333 0.5
0.583333333333 0.75 0.583333333333
0.666666666667 0.666666666667 0.333333333333
0.833333333333 0.833333333333 0.333333333333
0.75 0.75 0.416666666667
0.833333333333 0.666666666667 0.5
0.666666666667 0.833333333333 0.5
0.916666666667 0.75 0.583333333333
0.0 0.0 0.666666666667
0.166666666667 0.166666666667 0.666666666667
0.0833333333333 0.0833333333333 0.75
0.25 0.25 0.75
0.166666666667 0.0 0.833333333333
0.0 0.166666666667 0.833333333333
0.25 0.0833333333333 0.916666666667
0.0833333333333 0.25 0.916666666667
0.333333333333 0.0 0.666666666667
0.5 0.166666666667 0.666666666667
0.416666666667 0.0833333333333 0.75
0.583333333333 0.25 0.75
0.5 0.0 0.833333333333
0.333333333333 0.166666666667 0.833333333333
0.583333333333 0.0833333333333 0.916666666667
0.416666666667 0.25 0.916666666667
0.666666666667 0.0 0.666666666667
0.833333333333 0.166666666667 0.666666666667
0.75 0.0833333333333 0.75
0.916666666667 0.25 0.75
0.833333333333 0.0 0.833333333333
0.666666666667 0.166666666667 0.833333333333
0.916666666667 0.0833333333333 0.916666666667
0.75 0.25 0.916666666667
0.0 0.333333333333 0.666666666667
0.166666666667 0.5 0.666666666667
0.0833333333333 0.416666666667 0.75
0.25 0.583333333333 0.75
0.166666666667 0.333333333333 0.833333333333
0.0 0.5 0.833333333333
0.25 0.416666666667 0.916666666667
0.0833333333333 0.583333333333 0.916666666667
0.333333333333 0.333333333333 0.666666666667
0.5 0.5 0.666666666667
0.416666666667 0.416666666667 0.75
0.583333333333 0.583333333333 0.75
0.5 0.333333333333 0.833333333333
0.333333333333 0.5 0.833333333333
0.583333333333 0.416666666667 0.916666666667
0.416666666667 0.583333333333 0.916666666667
0.666666666667 0.333333333333 0.666666666667
0.833333333333 0.5 0.666666666667
0.75 0.416666666667 0.75
0.916666666667 0.583333333333 0.75
0.833333333333 0.333333333333 0.833333333333
0.666666666667 0.5 0.833333333333
0.916666666667 0.416666666667 0.916666666667
0.75 0.583333333333 0.916666666667
0.0 0.666666666667 0.666666666667
0.166666666667 0.833333333333 0.666666666667
0.0833333333333 0.75 0.75
0.166666666667 0.666666666667 0.833333333333
0.0 0.833333333333 0.833333333333
0.25 0.75 0.916666666667
0.333333333333 0.666666666667 0.666666666667
0.5 0.833333333333 0.666666666667
0.416666666667 0.75 0.75
0.5 0.666666666667 0.833333333333
0.333333333333 0.833333333333 0.833333333333
0.583333333333 0.75 0.916666666667
0.666666666667 0.666666666667 0.666666666667
0.833333333333 0.833333333333 0.666666666667
0.75 0.75 0.75
0.833333333333 0.666666666667 0.833333333333
0.666666666667 0.833333333333 0.833333333333
0.916666666667 0.75 0.916666666667
0.25 0.916666666667 0.0833333333333
0.0833333333333 0.916666666667 0.25
0.583333333333 0.916666666667 0.0833333333333
0.416666666667 0.916666666667 0.25
0.916666666667 0.916666666667 0.0833333333333
0.75 0.916666666667 0.25
0.25 0.916666666667 0.416666666667
0.0833333333333 0.916666666667 0.583333333333
0.583333333333 0.916666666667 0.416666666667
0.416666666667 0.916666666667 0.583333333333
0.916666666667 0.916666666667 0.416666666667
0.75 0.916666666667 0.583333333333
0.25 0.916666666667 0.75
0.0833333333333 0.916666666667 0.916666666667
0.583333333333 0.916666666667 0.75
0.416666666667 0.916666666667 0.916666666667
0.916666666667 0.916666666667 0.75
0.75 0.916666666667 0.916666666667
