1.0
17.736301	0.0	0.0
0.000000	30.720174	0.0
0.000000	0.000000	100.000000
156	52	
0.019231 0.038461 0.0
0.403846 0.141026 0.0
0.288462 0.076923 0.0
0.134615 0.102564 0.0
0.423077 0.096154 0.0
0.192307 0.134615 0.0
0.153846 0.057692 0.0
0.038461 0.160257 0.0
0.461539 0.173077 0.0
0.461539 0.00641 0.0
0.115384 0.480769 0.0
0.192307 0.467949 0.0
0.307693 0.365385 0.0
0.038461 0.326923 0.0
0.346154 0.442307 0.0
0.173077 0.346154 0.0
0.153846 0.391025 0.0
0.442308 0.384616 0.0
0.288462 0.410256 0.0
0.423077 0.429487 0.0
0.480769 0.294871 0.0
0.365385 0.230769 0.0
0.211538 0.25641 0.0
0.26923 0.288462 0.0
0.096154 0.192308 0.0
0.115384 0.314102 0.0
0.0 0.083334 0.0
0.0 0.25 0.0
0.557692 0.115384 0.0
0.826923 0.153846 0.0
0.76923 0.121795 0.0
0.923077 0.096154 0.0
0.673077 0.179487 0.0
0.692307 0.134615 0.0
0.653846 0.057692 0.0
0.538462 0.160257 0.0
0.961539 0.173077 0.0
0.942308 0.217949 0.0
0.730769 0.044871 0.0
0.596154 0.025641 0.0
0.961539 0.00641 0.0
0.865385 0.064103 0.0
0.884616 0.019231 0.0
0.615384 0.480769 0.0
0.980769 0.461538 0.0
0.692307 0.467949 0.0
0.807693 0.365385 0.0
0.711538 0.423077 0.0
0.576923 0.403846 0.0
0.557692 0.448718 0.0
0.538462 0.326923 0.0
0.846154 0.442307 0.0
0.826923 0.48718 0.0
0.923077 0.429487 0.0
0.884616 0.352564 0.0
0.76923 0.288462 0.0
0.846154 0.275641 0.0
0.903846 0.307692 0.0
0.576923 0.23718 0.0
0.634615 0.269231 0.0
0.615384 0.314102 0.0
0.5 0.083334 0.0
0.5 0.25 0.0
0.75 0.0 0.0
0.75 0.333333 0.0
0.326923 0.653846 0.0
0.26923 0.621795 0.0
0.307693 0.698718 0.0
0.423077 0.596154 0.0
0.192307 0.634616 0.0
0.153846 0.557692 0.0
0.038461 0.660256 0.0
0.461539 0.673077 0.0
0.442308 0.717948 0.0
0.230769 0.544872 0.0
0.096154 0.525641 0.0
0.461539 0.50641 0.0
0.384616 0.519231 0.0
0.115384 0.980769 0.0
0.480769 0.961538 0.0
0.192307 0.967949 0.0
0.307693 0.865384 0.0
0.076923 0.903846 0.0
0.057692 0.948718 0.0
0.346154 0.942307 0.0
0.153846 0.891026 0.0
0.326923 0.98718 0.0
0.423077 0.929487 0.0
0.384616 0.852564 0.0
0.26923 0.788461 0.0
0.346154 0.775641 0.0
0.403846 0.807692 0.0
0.076923 0.737179 0.0
0.230769 0.711539 0.0
0.134615 0.769231 0.0
0.115384 0.814102 0.0
0.0 0.583334 0.0
0.25 0.5 0.0
0.25 0.833333 0.0
0.519231 0.538461 0.0
0.903846 0.641026 0.0
0.76923 0.621795 0.0
0.788461 0.576923 0.0
0.634615 0.602564 0.0
0.807693 0.698718 0.0
0.923077 0.596154 0.0
0.692307 0.634616 0.0
0.653846 0.557692 0.0
0.538462 0.660256 0.0
0.961539 0.673077 0.0
0.730769 0.544872 0.0
0.884616 0.519231 0.0
0.692307 0.967949 0.0
0.807693 0.865384 0.0
0.576923 0.903846 0.0
0.519231 0.871795 0.0
0.846154 0.942307 0.0
0.673077 0.846153 0.0
0.653846 0.891026 0.0
0.942308 0.884615 0.0
0.788461 0.910257 0.0
0.923077 0.929487 0.0
0.980769 0.794871 0.0
0.884616 0.852564 0.0
0.865385 0.730769 0.0
0.711538 0.75641 0.0
0.76923 0.788461 0.0
0.846154 0.775641 0.0
0.596154 0.692308 0.0
0.576923 0.737179 0.0
0.730769 0.711539 0.0
0.615384 0.814102 0.0
0.5 0.583334 0.0
0.5 0.75 0.0
0.057692 0.115384 0.0
0.326923 0.153846 0.0
0.173077 0.179487 0.0
0.096154 0.025641 0.0
0.480769 0.461538 0.0
0.519231 0.038461 0.0
0.903846 0.141026 0.0
0.942308 0.384616 0.0
0.788461 0.410256 0.0
0.980769 0.294871 0.0
0.865385 0.230769 0.0
0.596154 0.192308 0.0
0.019231 0.538461 0.0
0.403846 0.641026 0.0
0.288462 0.576923 0.0
0.173077 0.846153 0.0
0.826923 0.653846 0.0
0.673077 0.679487 0.0
0.596154 0.525641 0.0
0.865385 0.564103 0.0
0.980769 0.961538 0.0
0.557692 0.948718 0.0
0.26923 0.121795 0.0
0.307693 0.198718 0.0
0.230769 0.044871 0.0
0.384616 0.019231 0.0
0.076923 0.403846 0.0
0.019231 0.371795 0.0
0.384616 0.352564 0.0
0.346154 0.275641 0.0
0.076923 0.23718 0.0
0.230769 0.211539 0.0
0.807693 0.198718 0.0
0.653846 0.391025 0.0
0.730769 0.211539 0.0
0.057692 0.615385 0.0
0.173077 0.679487 0.0
0.365385 0.564103 0.0
0.211538 0.923077 0.0
0.038461 0.826923 0.0
0.0 0.75 0.0
0.961539 0.50641 0.0
0.615384 0.980769 0.0
0.538462 0.826923 0.0
0.442308 0.217949 0.0
0.365385 0.064103 0.0
0.211538 0.423077 0.0
0.057692 0.448718 0.0
0.326923 0.48718 0.0
0.403846 0.307692 0.0
0.134615 0.269231 0.0
0.25 0.0 0.0
0.25 0.333333 0.0
0.788461 0.076923 0.0
0.634615 0.102564 0.0
0.519231 0.371795 0.0
0.673077 0.346154 0.0
0.711538 0.25641 0.0
0.134615 0.602564 0.0
0.019231 0.871795 0.0
0.442308 0.884615 0.0
0.288462 0.910257 0.0
0.480769 0.794871 0.0
0.365385 0.730769 0.0
0.211538 0.75641 0.0
0.096154 0.692308 0.0
0.557692 0.615385 0.0
0.942308 0.717948 0.0
0.711538 0.923077 0.0
0.826923 0.98718 0.0
0.903846 0.807692 0.0
0.634615 0.769231 0.0
0.75 0.5 0.0
0.75 0.833333 0.0
