1
8.8681504391578 0 0 
0 15.360087129786 0
0 0 100
52
0.115385	0.230769	0.000000
0.038462	0.076923	0.000000
0.807692	0.282051	0.000000
0.653846	0.307692	0.000000
0.538461	0.243590	0.000000
0.576923	0.153846	0.000000
0.269231	0.205128	0.000000
0.615385	0.397436	0.000000
0.846154	0.192308	0.000000
0.346154	0.358974	0.000000
0.384615	0.269231	0.000000
0.307692	0.115384	0.000000
0.076923	0.320513	0.000000
0.923077	0.346154	0.000000
0.884615	0.435897	0.000000
0.461538	0.089743	0.000000
0.192308	0.051282	0.000000
0.923077	0.012820	0.000000
0.730769	0.128205	0.000000
0.769231	0.038462	0.000000
0.230769	0.961538	0.000000
0.961538	0.923077	0.000000
0.384615	0.935897	0.000000
0.615385	0.730769	0.000000
0.423077	0.846154	0.000000
0.153846	0.807692	0.000000
0.115385	0.897436	0.000000
0.076923	0.653846	0.000000
0.038462	0.743590	0.000000
0.692308	0.884615	0.000000
0.346154	0.692307	0.000000
0.307692	0.782051	0.000000
0.653846	0.974359	0.000000
0.884615	0.769231	0.000000
0.576923	0.820513	0.000000
0.846154	0.858974	0.000000
0.961538	0.589743	0.000000
0.769231	0.705128	0.000000
0.730769	0.461538	0.000000
0.423077	0.512820	0.000000
0.538461	0.576923	0.000000
0.692308	0.551282	0.000000
0.807692	0.615384	0.000000
0.192308	0.384615	0.000000
0.153846	0.474359	0.000000
0.461538	0.423077	0.000000
0.269231	0.538461	0.000000
0.230769	0.628205	0.000000
0.000000	0.166667	0.000000
0.000000	0.500000	0.000000
0.500000	0.000000	0.000000
0.500000	0.666667	0.000000
