5 5 2 8
Map file for 5x5x2 Graphite cell.
0 0 0 0 1
0 0 0 1 2
0 0 0 2 3
0 0 0 3 4
0 0 0 4 5
0 0 0 5 6
0 0 0 6 7
0 0 0 7 8
1 0 0 0 9
1 0 0 1 10
1 0 0 2 11
1 0 0 3 12
1 0 0 4 13
1 0 0 5 14
1 0 0 6 15
1 0 0 7 16
2 0 0 0 17
2 0 0 1 18
2 0 0 2 19
2 0 0 3 20
2 0 0 4 21
2 0 0 5 22
2 0 0 6 23
2 0 0 7 24
3 0 0 0 25
3 0 0 1 26
3 0 0 2 27
3 0 0 3 28
3 0 0 4 29
3 0 0 5 30
3 0 0 6 31
3 0 0 7 32
4 0 0 0 33
4 0 0 1 34
4 0 0 2 35
4 0 0 3 36
4 0 0 4 37
4 0 0 5 38
4 0 0 6 39
4 0 0 7 40
0 1 0 0 41
0 1 0 1 42
0 1 0 2 43
0 1 0 3 44
0 1 0 4 45
0 1 0 5 46
0 1 0 6 47
0 1 0 7 48
1 1 0 0 49
1 1 0 1 50
1 1 0 2 51
1 1 0 3 52
1 1 0 4 53
1 1 0 5 54
1 1 0 6 55
1 1 0 7 56
2 1 0 0 57
2 1 0 1 58
2 1 0 2 59
2 1 0 3 60
2 1 0 4 61
2 1 0 5 62
2 1 0 6 63
2 1 0 7 64
3 1 0 0 65
3 1 0 1 66
3 1 0 2 67
3 1 0 3 68
3 1 0 4 69
3 1 0 5 70
3 1 0 6 71
3 1 0 7 72
4 1 0 0 73
4 1 0 1 74
4 1 0 2 75
4 1 0 3 76
4 1 0 4 77
4 1 0 5 78
4 1 0 6 79
4 1 0 7 80
0 2 0 0 81
0 2 0 1 82
0 2 0 2 83
0 2 0 3 84
0 2 0 4 85
0 2 0 5 86
0 2 0 6 87
0 2 0 7 88
1 2 0 0 89
1 2 0 1 90
1 2 0 2 91
1 2 0 3 92
1 2 0 4 93
1 2 0 5 94
1 2 0 6 95
1 2 0 7 96
2 2 0 0 97
2 2 0 1 98
2 2 0 2 99
2 2 0 3 100
2 2 0 4 101
2 2 0 5 102
2 2 0 6 103
2 2 0 7 104
3 2 0 0 105
3 2 0 1 106
3 2 0 2 107
3 2 0 3 108
3 2 0 4 109
3 2 0 5 110
3 2 0 6 111
3 2 0 7 112
4 2 0 0 113
4 2 0 1 114
4 2 0 2 115
4 2 0 3 116
4 2 0 4 117
4 2 0 5 118
4 2 0 6 119
4 2 0 7 120
0 3 0 0 121
0 3 0 1 122
0 3 0 2 123
0 3 0 3 124
0 3 0 4 125
0 3 0 5 126
0 3 0 6 127
0 3 0 7 128
1 3 0 0 129
1 3 0 1 130
1 3 0 2 131
1 3 0 3 132
1 3 0 4 133
1 3 0 5 134
1 3 0 6 135
1 3 0 7 136
2 3 0 0 137
2 3 0 1 138
2 3 0 2 139
2 3 0 3 140
2 3 0 4 141
2 3 0 5 142
2 3 0 6 143
2 3 0 7 144
3 3 0 0 145
3 3 0 1 146
3 3 0 2 147
3 3 0 3 148
3 3 0 4 149
3 3 0 5 150
3 3 0 6 151
3 3 0 7 152
4 3 0 0 153
4 3 0 1 154
4 3 0 2 155
4 3 0 3 156
4 3 0 4 157
4 3 0 5 158
4 3 0 6 159
4 3 0 7 160
0 4 0 0 161
0 4 0 1 162
0 4 0 2 163
0 4 0 3 164
0 4 0 4 165
0 4 0 5 166
0 4 0 6 167
0 4 0 7 168
1 4 0 0 169
1 4 0 1 170
1 4 0 2 171
1 4 0 3 172
1 4 0 4 173
1 4 0 5 174
1 4 0 6 175
1 4 0 7 176
2 4 0 0 177
2 4 0 1 178
2 4 0 2 179
2 4 0 3 180
2 4 0 4 181
2 4 0 5 182
2 4 0 6 183
2 4 0 7 184
3 4 0 0 185
3 4 0 1 186
3 4 0 2 187
3 4 0 3 188
3 4 0 4 189
3 4 0 5 190
3 4 0 6 191
3 4 0 7 192
4 4 0 0 193
4 4 0 1 194
4 4 0 2 195
4 4 0 3 196
4 4 0 4 197
4 4 0 5 198
4 4 0 6 199
4 4 0 7 200
0 0 1 0 201
0 0 1 1 202
0 0 1 2 203
0 0 1 3 204
0 0 1 4 205
0 0 1 5 206
0 0 1 6 207
0 0 1 7 208
1 0 1 0 209
1 0 1 1 210
1 0 1 2 211
1 0 1 3 212
1 0 1 4 213
1 0 1 5 214
1 0 1 6 215
1 0 1 7 216
2 0 1 0 217
2 0 1 1 218
2 0 1 2 219
2 0 1 3 220
2 0 1 4 221
2 0 1 5 222
2 0 1 6 223
2 0 1 7 224
3 0 1 0 225
3 0 1 1 226
3 0 1 2 227
3 0 1 3 228
3 0 1 4 229
3 0 1 5 230
3 0 1 6 231
3 0 1 7 232
4 0 1 0 233
4 0 1 1 234
4 0 1 2 235
4 0 1 3 236
4 0 1 4 237
4 0 1 5 238
4 0 1 6 239
4 0 1 7 240
0 1 1 0 241
0 1 1 1 242
0 1 1 2 243
0 1 1 3 244
0 1 1 4 245
0 1 1 5 246
0 1 1 6 247
0 1 1 7 248
1 1 1 0 249
1 1 1 1 250
1 1 1 2 251
1 1 1 3 252
1 1 1 4 253
1 1 1 5 254
1 1 1 6 255
1 1 1 7 256
2 1 1 0 257
2 1 1 1 258
2 1 1 2 259
2 1 1 3 260
2 1 1 4 261
2 1 1 5 262
2 1 1 6 263
2 1 1 7 264
3 1 1 0 265
3 1 1 1 266
3 1 1 2 267
3 1 1 3 268
3 1 1 4 269
3 1 1 5 270
3 1 1 6 271
3 1 1 7 272
4 1 1 0 273
4 1 1 1 274
4 1 1 2 275
4 1 1 3 276
4 1 1 4 277
4 1 1 5 278
4 1 1 6 279
4 1 1 7 280
0 2 1 0 281
0 2 1 1 282
0 2 1 2 283
0 2 1 3 284
0 2 1 4 285
0 2 1 5 286
0 2 1 6 287
0 2 1 7 288
1 2 1 0 289
1 2 1 1 290
1 2 1 2 291
1 2 1 3 292
1 2 1 4 293
1 2 1 5 294
1 2 1 6 295
1 2 1 7 296
2 2 1 0 297
2 2 1 1 298
2 2 1 2 299
2 2 1 3 300
2 2 1 4 301
2 2 1 5 302
2 2 1 6 303
2 2 1 7 304
3 2 1 0 305
3 2 1 1 306
3 2 1 2 307
3 2 1 3 308
3 2 1 4 309
3 2 1 5 310
3 2 1 6 311
3 2 1 7 312
4 2 1 0 313
4 2 1 1 314
4 2 1 2 315
4 2 1 3 316
4 2 1 4 317
4 2 1 5 318
4 2 1 6 319
4 2 1 7 320
0 3 1 0 321
0 3 1 1 322
0 3 1 2 323
0 3 1 3 324
0 3 1 4 325
0 3 1 5 326
0 3 1 6 327
0 3 1 7 328
1 3 1 0 329
1 3 1 1 330
1 3 1 2 331
1 3 1 3 332
1 3 1 4 333
1 3 1 5 334
1 3 1 6 335
1 3 1 7 336
2 3 1 0 337
2 3 1 1 338
2 3 1 2 339
2 3 1 3 340
2 3 1 4 341
2 3 1 5 342
2 3 1 6 343
2 3 1 7 344
3 3 1 0 345
3 3 1 1 346
3 3 1 2 347
3 3 1 3 348
3 3 1 4 349
3 3 1 5 350
3 3 1 6 351
3 3 1 7 352
4 3 1 0 353
4 3 1 1 354
4 3 1 2 355
4 3 1 3 356
4 3 1 4 357
4 3 1 5 358
4 3 1 6 359
4 3 1 7 360
0 4 1 0 361
0 4 1 1 362
0 4 1 2 363
0 4 1 3 364
0 4 1 4 365
0 4 1 5 366
0 4 1 6 367
0 4 1 7 368
1 4 1 0 369
1 4 1 1 370
1 4 1 2 371
1 4 1 3 372
1 4 1 4 373
1 4 1 5 374
1 4 1 6 375
1 4 1 7 376
2 4 1 0 377
2 4 1 1 378
2 4 1 2 379
2 4 1 3 380
2 4 1 4 381
2 4 1 5 382
2 4 1 6 383
2 4 1 7 384
3 4 1 0 385
3 4 1 1 386
3 4 1 2 387
3 4 1 3 388
3 4 1 4 389
3 4 1 5 390
3 4 1 6 391
3 4 1 7 392
4 4 1 0 393
4 4 1 1 394
4 4 1 2 395
4 4 1 3 396
4 4 1 4 397
4 4 1 5 398
4 4 1 6 399
4 4 1 7 400
