1.0
17.736301	0.0	0.0
0.000000	30.720174	0.0
0.000000	0.000000	100.000000
104	104	
0.0576925 0.1153845 0.0
0.019231 0.0384615 0.0
0.3269225 0.153846 0.0
0.2884615 0.076923 0.0
0.423077 0.096154 0.0
0.1923075 0.1346155 0.0
0.153846 0.057692 0.0
0.4615385 0.173077 0.0
0.3846155 0.019231 0.0
0.1153845 0.480769 0.0
0.480769 0.4615385 0.0
0.3076925 0.3653845 0.0
0.2115385 0.423077 0.0
0.076923 0.403846 0.0
0.038461 0.326923 0.0
0.346154 0.4423075 0.0
0.173077 0.3461535 0.0
0.4423075 0.3846155 0.0
0.3653845 0.230769 0.0
0.2692305 0.2884615 0.0
0.403846 0.307692 0.0
0.096154 0.1923075 0.0
0.230769 0.2115385 0.0
0.1346155 0.2692305 0.0
0.0 0.25 0.0
0.2500005 0.0 0.0
0.5576925 0.1153845 0.0
0.519231 0.0384615 0.0
0.8269225 0.153846 0.0
0.7884615 0.076923 0.0
0.923077 0.096154 0.0
0.6923075 0.1346155 0.0
0.653846 0.057692 0.0
0.9615385 0.173077 0.0
0.8846155 0.019231 0.0
0.6153845 0.480769 0.0
0.980769 0.4615385 0.0
0.8076925 0.3653845 0.0
0.7115385 0.423077 0.0
0.576923 0.403846 0.0
0.538461 0.326923 0.0
0.846154 0.4423075 0.0
0.673077 0.3461535 0.0
0.9423075 0.3846155 0.0
0.8653845 0.230769 0.0
0.7692305 0.2884615 0.0
0.903846 0.307692 0.0
0.596154 0.1923075 0.0
0.730769 0.2115385 0.0
0.5 0.25 0.0
0.7500005 0.0 0.0
0.0576925 0.6153845 0.0
0.019231 0.5384615 0.0
0.3269225 0.653846 0.0
0.2884615 0.576923 0.0
0.423077 0.596154 0.0
0.1923075 0.6346155 0.0
0.153846 0.557692 0.0
0.4615385 0.673077 0.0
0.3846155 0.519231 0.0
0.1153845 0.980769 0.0
0.480769 0.9615385 0.0
0.3076925 0.8653845 0.0
0.2115385 0.923077 0.0
0.076923 0.903846 0.0
0.038461 0.826923 0.0
0.346154 0.9423075 0.0
0.173077 0.8461535 0.0
0.4423075 0.8846155 0.0
0.3653845 0.730769 0.0
0.2692305 0.7884615 0.0
0.403846 0.807692 0.0
0.096154 0.6923075 0.0
0.230769 0.7115385 0.0
0.1346155 0.7692305 0.0
0.0 0.75 0.0
0.2500005 0.5 0.0
0.5576925 0.6153845 0.0
0.519231 0.5384615 0.0
0.8269225 0.653846 0.0
0.7884615 0.576923 0.0
0.923077 0.596154 0.0
0.6923075 0.6346155 0.0
0.653846 0.557692 0.0
0.9615385 0.673077 0.0
0.8846155 0.519231 0.0
0.6153845 0.980769 0.0
0.980769 0.9615385 0.0
0.8076925 0.8653845 0.0
0.7115385 0.923077 0.0
0.576923 0.903846 0.0
0.538461 0.826923 0.0
0.846154 0.9423075 0.0
0.673077 0.8461535 0.0
0.9423075 0.8846155 0.0
0.8653845 0.730769 0.0
0.7692305 0.7884615 0.0
0.903846 0.807692 0.0
0.596154 0.6923075 0.0
0.730769 0.7115385 0.0
0.6346155 0.7692305 0.0
0.5 0.75 0.0
0.7500005 0.5 0.0
0.8269225 0.9871795 0.0
0.403846 0.1410255 0.0
0.2692305 0.121795 0.0
0.1346155 0.102564 0.0
0.3076925 0.198718 0.0
0.173077 0.179487 0.0
0.038461 0.1602565 0.0
0.4423075 0.2179485 0.0
0.230769 0.0448715 0.0
0.096154 0.025641 0.0
0.4615385 0.00641 0.0
0.3653845 0.0641025 0.0
0.1923075 0.4679485 0.0
0.0576925 0.448718 0.0
0.019231 0.371795 0.0
0.153846 0.3910255 0.0
0.3269225 0.4871795 0.0
0.2884615 0.4102565 0.0
0.423077 0.429487 0.0
0.480769 0.2948715 0.0
0.3846155 0.352564 0.0
0.2115385 0.25641 0.0
0.346154 0.275641 0.0
0.076923 0.2371795 0.0
0.1153845 0.3141025 0.0
0.0 0.0833335 0.0
0.2500005 0.3333335 0.0
0.6346155 0.2692305 0.0
0.903846 0.1410255 0.0
0.7692305 0.121795 0.0
0.6346155 0.102564 0.0
0.8076925 0.198718 0.0
0.673077 0.179487 0.0
0.538461 0.1602565 0.0
0.9423075 0.2179485 0.0
0.730769 0.0448715 0.0
0.596154 0.025641 0.0
0.9615385 0.00641 0.0
0.8653845 0.0641025 0.0
0.6923075 0.4679485 0.0
0.5576925 0.448718 0.0
0.519231 0.371795 0.0
0.653846 0.3910255 0.0
0.8269225 0.4871795 0.0
0.7884615 0.4102565 0.0
0.923077 0.429487 0.0
0.980769 0.2948715 0.0
0.8846155 0.352564 0.0
0.7115385 0.25641 0.0
0.846154 0.275641 0.0
0.576923 0.2371795 0.0
0.6153845 0.3141025 0.0
0.5 0.0833335 0.0
0.7500005 0.3333335 0.0
0.403846 0.6410255 0.0
0.2692305 0.621795 0.0
0.1346155 0.602564 0.0
0.3076925 0.698718 0.0
0.173077 0.679487 0.0
0.038461 0.6602565 0.0
0.4423075 0.7179485 0.0
0.230769 0.5448715 0.0
0.096154 0.525641 0.0
0.4615385 0.50641 0.0
0.3653845 0.5641025 0.0
0.1923075 0.9679485 0.0
0.0576925 0.948718 0.0
0.019231 0.871795 0.0
0.153846 0.8910255 0.0
0.3269225 0.9871795 0.0
0.2884615 0.9102565 0.0
0.423077 0.929487 0.0
0.480769 0.7948715 0.0
0.3846155 0.852564 0.0
0.2115385 0.75641 0.0
0.346154 0.775641 0.0
0.076923 0.7371795 0.0
0.1153845 0.8141025 0.0
0.0 0.5833335 0.0
0.2500005 0.8333335 0.0
0.903846 0.6410255 0.0
0.7692305 0.621795 0.0
0.6346155 0.602564 0.0
0.8076925 0.698718 0.0
0.673077 0.679487 0.0
0.538461 0.6602565 0.0
0.9423075 0.7179485 0.0
0.730769 0.5448715 0.0
0.596154 0.525641 0.0
0.9615385 0.50641 0.0
0.8653845 0.5641025 0.0
0.6923075 0.9679485 0.0
0.5576925 0.948718 0.0
0.519231 0.871795 0.0
0.653846 0.8910255 0.0
0.7884615 0.9102565 0.0
0.923077 0.929487 0.0
0.980769 0.7948715 0.0
0.8846155 0.852564 0.0
0.7115385 0.75641 0.0
0.846154 0.775641 0.0
0.576923 0.7371795 0.0
0.6153845 0.8141025 0.0
0.5 0.5833335 0.0
0.7500005 0.8333335 0.0
