22 1 1 52
Map file for 22x1x1 USER_LATT cell.
0 0 0 0 1
0 0 0 1 2
0 0 0 2 3
0 0 0 3 4
0 0 0 4 5
0 0 0 5 6
0 0 0 6 7
0 0 0 7 8
0 0 0 8 9
0 0 0 9 10
0 0 0 10 11
0 0 0 11 12
0 0 0 12 13
0 0 0 13 14
0 0 0 14 15
0 0 0 15 16
0 0 0 16 17
0 0 0 17 18
0 0 0 18 19
0 0 0 19 20
0 0 0 20 21
0 0 0 21 22
0 0 0 22 23
0 0 0 23 24
0 0 0 24 25
0 0 0 25 26
0 0 0 26 27
0 0 0 27 28
0 0 0 28 29
0 0 0 29 30
0 0 0 30 31
0 0 0 31 32
0 0 0 32 33
0 0 0 33 34
0 0 0 34 35
0 0 0 35 36
0 0 0 36 37
0 0 0 37 38
0 0 0 38 39
0 0 0 39 40
0 0 0 40 41
0 0 0 41 42
0 0 0 42 43
0 0 0 43 44
0 0 0 44 45
0 0 0 45 46
0 0 0 46 47
0 0 0 47 48
0 0 0 48 49
0 0 0 49 50
0 0 0 50 51
0 0 0 51 52
1 0 0 0 53
1 0 0 1 54
1 0 0 2 55
1 0 0 3 56
1 0 0 4 57
1 0 0 5 58
1 0 0 6 59
1 0 0 7 60
1 0 0 8 61
1 0 0 9 62
1 0 0 10 63
1 0 0 11 64
1 0 0 12 65
1 0 0 13 66
1 0 0 14 67
1 0 0 15 68
1 0 0 16 69
1 0 0 17 70
1 0 0 18 71
1 0 0 19 72
1 0 0 20 73
1 0 0 21 74
1 0 0 22 75
1 0 0 23 76
1 0 0 24 77
1 0 0 25 78
1 0 0 26 79
1 0 0 27 80
1 0 0 28 81
1 0 0 29 82
1 0 0 30 83
1 0 0 31 84
1 0 0 32 85
1 0 0 33 86
1 0 0 34 87
1 0 0 35 88
1 0 0 36 89
1 0 0 37 90
1 0 0 38 91
1 0 0 39 92
1 0 0 40 93
1 0 0 41 94
1 0 0 42 95
1 0 0 43 96
1 0 0 44 97
1 0 0 45 98
1 0 0 46 99
1 0 0 47 100
1 0 0 48 101
1 0 0 49 102
1 0 0 50 103
1 0 0 51 104
2 0 0 0 105
2 0 0 1 106
2 0 0 2 107
2 0 0 3 108
2 0 0 4 109
2 0 0 5 110
2 0 0 6 111
2 0 0 7 112
2 0 0 8 113
2 0 0 9 114
2 0 0 10 115
2 0 0 11 116
2 0 0 12 117
2 0 0 13 118
2 0 0 14 119
2 0 0 15 120
2 0 0 16 121
2 0 0 17 122
2 0 0 18 123
2 0 0 19 124
2 0 0 20 125
2 0 0 21 126
2 0 0 22 127
2 0 0 23 128
2 0 0 24 129
2 0 0 25 130
2 0 0 26 131
2 0 0 27 132
2 0 0 28 133
2 0 0 29 134
2 0 0 30 135
2 0 0 31 136
2 0 0 32 137
2 0 0 33 138
2 0 0 34 139
2 0 0 35 140
2 0 0 36 141
2 0 0 37 142
2 0 0 38 143
2 0 0 39 144
2 0 0 40 145
2 0 0 41 146
2 0 0 42 147
2 0 0 43 148
2 0 0 44 149
2 0 0 45 150
2 0 0 46 151
2 0 0 47 152
2 0 0 48 153
2 0 0 49 154
2 0 0 50 155
2 0 0 51 156
3 0 0 0 157
3 0 0 1 158
3 0 0 2 159
3 0 0 3 160
3 0 0 4 161
3 0 0 5 162
3 0 0 6 163
3 0 0 7 164
3 0 0 8 165
3 0 0 9 166
3 0 0 10 167
3 0 0 11 168
3 0 0 12 169
3 0 0 13 170
3 0 0 14 171
3 0 0 15 172
3 0 0 16 173
3 0 0 17 174
3 0 0 18 175
3 0 0 19 176
3 0 0 20 177
3 0 0 21 178
3 0 0 22 179
3 0 0 23 180
3 0 0 24 181
3 0 0 25 182
3 0 0 26 183
3 0 0 27 184
3 0 0 28 185
3 0 0 29 186
3 0 0 30 187
3 0 0 31 188
3 0 0 32 189
3 0 0 33 190
3 0 0 34 191
3 0 0 35 192
3 0 0 36 193
3 0 0 37 194
3 0 0 38 195
3 0 0 39 196
3 0 0 40 197
3 0 0 41 198
3 0 0 42 199
3 0 0 43 200
3 0 0 44 201
3 0 0 45 202
3 0 0 46 203
3 0 0 47 204
3 0 0 48 205
3 0 0 49 206
3 0 0 50 207
3 0 0 51 208
4 0 0 0 209
4 0 0 1 210
4 0 0 2 211
4 0 0 3 212
4 0 0 4 213
4 0 0 5 214
4 0 0 6 215
4 0 0 7 216
4 0 0 8 217
4 0 0 9 218
4 0 0 10 219
4 0 0 11 220
4 0 0 12 221
4 0 0 13 222
4 0 0 14 223
4 0 0 15 224
4 0 0 16 225
4 0 0 17 226
4 0 0 18 227
4 0 0 19 228
4 0 0 20 229
4 0 0 21 230
4 0 0 22 231
4 0 0 23 232
4 0 0 24 233
4 0 0 25 234
4 0 0 26 235
4 0 0 27 236
4 0 0 28 237
4 0 0 29 238
4 0 0 30 239
4 0 0 31 240
4 0 0 32 241
4 0 0 33 242
4 0 0 34 243
4 0 0 35 244
4 0 0 36 245
4 0 0 37 246
4 0 0 38 247
4 0 0 39 248
4 0 0 40 249
4 0 0 41 250
4 0 0 42 251
4 0 0 43 252
4 0 0 44 253
4 0 0 45 254
4 0 0 46 255
4 0 0 47 256
4 0 0 48 257
4 0 0 49 258
4 0 0 50 259
4 0 0 51 260
5 0 0 0 261
5 0 0 1 262
5 0 0 2 263
5 0 0 3 264
5 0 0 4 265
5 0 0 5 266
5 0 0 6 267
5 0 0 7 268
5 0 0 8 269
5 0 0 9 270
5 0 0 10 271
5 0 0 11 272
5 0 0 12 273
5 0 0 13 274
5 0 0 14 275
5 0 0 15 276
5 0 0 16 277
5 0 0 17 278
5 0 0 18 279
5 0 0 19 280
5 0 0 20 281
5 0 0 21 282
5 0 0 22 283
5 0 0 23 284
5 0 0 24 285
5 0 0 25 286
5 0 0 26 287
5 0 0 27 288
5 0 0 28 289
5 0 0 29 290
5 0 0 30 291
5 0 0 31 292
5 0 0 32 293
5 0 0 33 294
5 0 0 34 295
5 0 0 35 296
5 0 0 36 297
5 0 0 37 298
5 0 0 38 299
5 0 0 39 300
5 0 0 40 301
5 0 0 41 302
5 0 0 42 303
5 0 0 43 304
5 0 0 44 305
5 0 0 45 306
5 0 0 46 307
5 0 0 47 308
5 0 0 48 309
5 0 0 49 310
5 0 0 50 311
5 0 0 51 312
6 0 0 0 313
6 0 0 1 314
6 0 0 2 315
6 0 0 3 316
6 0 0 4 317
6 0 0 5 318
6 0 0 6 319
6 0 0 7 320
6 0 0 8 321
6 0 0 9 322
6 0 0 10 323
6 0 0 11 324
6 0 0 12 325
6 0 0 13 326
6 0 0 14 327
6 0 0 15 328
6 0 0 16 329
6 0 0 17 330
6 0 0 18 331
6 0 0 19 332
6 0 0 20 333
6 0 0 21 334
6 0 0 22 335
6 0 0 23 336
6 0 0 24 337
6 0 0 25 338
6 0 0 26 339
6 0 0 27 340
6 0 0 28 341
6 0 0 29 342
6 0 0 30 343
6 0 0 31 344
6 0 0 32 345
6 0 0 33 346
6 0 0 34 347
6 0 0 35 348
6 0 0 36 349
6 0 0 37 350
6 0 0 38 351
6 0 0 39 352
6 0 0 40 353
6 0 0 41 354
6 0 0 42 355
6 0 0 43 356
6 0 0 44 357
6 0 0 45 358
6 0 0 46 359
6 0 0 47 360
6 0 0 48 361
6 0 0 49 362
6 0 0 50 363
6 0 0 51 364
7 0 0 0 365
7 0 0 1 366
7 0 0 2 367
7 0 0 3 368
7 0 0 4 369
7 0 0 5 370
7 0 0 6 371
7 0 0 7 372
7 0 0 8 373
7 0 0 9 374
7 0 0 10 375
7 0 0 11 376
7 0 0 12 377
7 0 0 13 378
7 0 0 14 379
7 0 0 15 380
7 0 0 16 381
7 0 0 17 382
7 0 0 18 383
7 0 0 19 384
7 0 0 20 385
7 0 0 21 386
7 0 0 22 387
7 0 0 23 388
7 0 0 24 389
7 0 0 25 390
7 0 0 26 391
7 0 0 27 392
7 0 0 28 393
7 0 0 29 394
7 0 0 30 395
7 0 0 31 396
7 0 0 32 397
7 0 0 33 398
7 0 0 34 399
7 0 0 35 400
7 0 0 36 401
7 0 0 37 402
7 0 0 38 403
7 0 0 39 404
7 0 0 40 405
7 0 0 41 406
7 0 0 42 407
7 0 0 43 408
7 0 0 44 409
7 0 0 45 410
7 0 0 46 411
7 0 0 47 412
7 0 0 48 413
7 0 0 49 414
7 0 0 50 415
7 0 0 51 416
8 0 0 0 417
8 0 0 1 418
8 0 0 2 419
8 0 0 3 420
8 0 0 4 421
8 0 0 5 422
8 0 0 6 423
8 0 0 7 424
8 0 0 8 425
8 0 0 9 426
8 0 0 10 427
8 0 0 11 428
8 0 0 12 429
8 0 0 13 430
8 0 0 14 431
8 0 0 15 432
8 0 0 16 433
8 0 0 17 434
8 0 0 18 435
8 0 0 19 436
8 0 0 20 437
8 0 0 21 438
8 0 0 22 439
8 0 0 23 440
8 0 0 24 441
8 0 0 25 442
8 0 0 26 443
8 0 0 27 444
8 0 0 28 445
8 0 0 29 446
8 0 0 30 447
8 0 0 31 448
8 0 0 32 449
8 0 0 33 450
8 0 0 34 451
8 0 0 35 452
8 0 0 36 453
8 0 0 37 454
8 0 0 38 455
8 0 0 39 456
8 0 0 40 457
8 0 0 41 458
8 0 0 42 459
8 0 0 43 460
8 0 0 44 461
8 0 0 45 462
8 0 0 46 463
8 0 0 47 464
8 0 0 48 465
8 0 0 49 466
8 0 0 50 467
8 0 0 51 468
9 0 0 0 469
9 0 0 1 470
9 0 0 2 471
9 0 0 3 472
9 0 0 4 473
9 0 0 5 474
9 0 0 6 475
9 0 0 7 476
9 0 0 8 477
9 0 0 9 478
9 0 0 10 479
9 0 0 11 480
9 0 0 12 481
9 0 0 13 482
9 0 0 14 483
9 0 0 15 484
9 0 0 16 485
9 0 0 17 486
9 0 0 18 487
9 0 0 19 488
9 0 0 20 489
9 0 0 21 490
9 0 0 22 491
9 0 0 23 492
9 0 0 24 493
9 0 0 25 494
9 0 0 26 495
9 0 0 27 496
9 0 0 28 497
9 0 0 29 498
9 0 0 30 499
9 0 0 31 500
9 0 0 32 501
9 0 0 33 502
9 0 0 34 503
9 0 0 35 504
9 0 0 36 505
9 0 0 37 506
9 0 0 38 507
9 0 0 39 508
9 0 0 40 509
9 0 0 41 510
9 0 0 42 511
9 0 0 43 512
9 0 0 44 513
9 0 0 45 514
9 0 0 46 515
9 0 0 47 516
9 0 0 48 517
9 0 0 49 518
9 0 0 50 519
9 0 0 51 520
10 0 0 0 521
10 0 0 1 522
10 0 0 2 523
10 0 0 3 524
10 0 0 4 525
10 0 0 5 526
10 0 0 6 527
10 0 0 7 528
10 0 0 8 529
10 0 0 9 530
10 0 0 10 531
10 0 0 11 532
10 0 0 12 533
10 0 0 13 534
10 0 0 14 535
10 0 0 15 536
10 0 0 16 537
10 0 0 17 538
10 0 0 18 539
10 0 0 19 540
10 0 0 20 541
10 0 0 21 542
10 0 0 22 543
10 0 0 23 544
10 0 0 24 545
10 0 0 25 546
10 0 0 26 547
10 0 0 27 548
10 0 0 28 549
10 0 0 29 550
10 0 0 30 551
10 0 0 31 552
10 0 0 32 553
10 0 0 33 554
10 0 0 34 555
10 0 0 35 556
10 0 0 36 557
10 0 0 37 558
10 0 0 38 559
10 0 0 39 560
10 0 0 40 561
10 0 0 41 562
10 0 0 42 563
10 0 0 43 564
10 0 0 44 565
10 0 0 45 566
10 0 0 46 567
10 0 0 47 568
10 0 0 48 569
10 0 0 49 570
10 0 0 50 571
10 0 0 51 572
11 0 0 0 573
11 0 0 1 574
11 0 0 2 575
11 0 0 3 576
11 0 0 4 577
11 0 0 5 578
11 0 0 6 579
11 0 0 7 580
11 0 0 8 581
11 0 0 9 582
11 0 0 10 583
11 0 0 11 584
11 0 0 12 585
11 0 0 13 586
11 0 0 14 587
11 0 0 15 588
11 0 0 16 589
11 0 0 17 590
11 0 0 18 591
11 0 0 19 592
11 0 0 20 593
11 0 0 21 594
11 0 0 22 595
11 0 0 23 596
11 0 0 24 597
11 0 0 25 598
11 0 0 26 599
11 0 0 27 600
11 0 0 28 601
11 0 0 29 602
11 0 0 30 603
11 0 0 31 604
11 0 0 32 605
11 0 0 33 606
11 0 0 34 607
11 0 0 35 608
11 0 0 36 609
11 0 0 37 610
11 0 0 38 611
11 0 0 39 612
11 0 0 40 613
11 0 0 41 614
11 0 0 42 615
11 0 0 43 616
11 0 0 44 617
11 0 0 45 618
11 0 0 46 619
11 0 0 47 620
11 0 0 48 621
11 0 0 49 622
11 0 0 50 623
11 0 0 51 624
12 0 0 0 625
12 0 0 1 626
12 0 0 2 627
12 0 0 3 628
12 0 0 4 629
12 0 0 5 630
12 0 0 6 631
12 0 0 7 632
12 0 0 8 633
12 0 0 9 634
12 0 0 10 635
12 0 0 11 636
12 0 0 12 637
12 0 0 13 638
12 0 0 14 639
12 0 0 15 640
12 0 0 16 641
12 0 0 17 642
12 0 0 18 643
12 0 0 19 644
12 0 0 20 645
12 0 0 21 646
12 0 0 22 647
12 0 0 23 648
12 0 0 24 649
12 0 0 25 650
12 0 0 26 651
12 0 0 27 652
12 0 0 28 653
12 0 0 29 654
12 0 0 30 655
12 0 0 31 656
12 0 0 32 657
12 0 0 33 658
12 0 0 34 659
12 0 0 35 660
12 0 0 36 661
12 0 0 37 662
12 0 0 38 663
12 0 0 39 664
12 0 0 40 665
12 0 0 41 666
12 0 0 42 667
12 0 0 43 668
12 0 0 44 669
12 0 0 45 670
12 0 0 46 671
12 0 0 47 672
12 0 0 48 673
12 0 0 49 674
12 0 0 50 675
12 0 0 51 676
13 0 0 0 677
13 0 0 1 678
13 0 0 2 679
13 0 0 3 680
13 0 0 4 681
13 0 0 5 682
13 0 0 6 683
13 0 0 7 684
13 0 0 8 685
13 0 0 9 686
13 0 0 10 687
13 0 0 11 688
13 0 0 12 689
13 0 0 13 690
13 0 0 14 691
13 0 0 15 692
13 0 0 16 693
13 0 0 17 694
13 0 0 18 695
13 0 0 19 696
13 0 0 20 697
13 0 0 21 698
13 0 0 22 699
13 0 0 23 700
13 0 0 24 701
13 0 0 25 702
13 0 0 26 703
13 0 0 27 704
13 0 0 28 705
13 0 0 29 706
13 0 0 30 707
13 0 0 31 708
13 0 0 32 709
13 0 0 33 710
13 0 0 34 711
13 0 0 35 712
13 0 0 36 713
13 0 0 37 714
13 0 0 38 715
13 0 0 39 716
13 0 0 40 717
13 0 0 41 718
13 0 0 42 719
13 0 0 43 720
13 0 0 44 721
13 0 0 45 722
13 0 0 46 723
13 0 0 47 724
13 0 0 48 725
13 0 0 49 726
13 0 0 50 727
13 0 0 51 728
14 0 0 0 729
14 0 0 1 730
14 0 0 2 731
14 0 0 3 732
14 0 0 4 733
14 0 0 5 734
14 0 0 6 735
14 0 0 7 736
14 0 0 8 737
14 0 0 9 738
14 0 0 10 739
14 0 0 11 740
14 0 0 12 741
14 0 0 13 742
14 0 0 14 743
14 0 0 15 744
14 0 0 16 745
14 0 0 17 746
14 0 0 18 747
14 0 0 19 748
14 0 0 20 749
14 0 0 21 750
14 0 0 22 751
14 0 0 23 752
14 0 0 24 753
14 0 0 25 754
14 0 0 26 755
14 0 0 27 756
14 0 0 28 757
14 0 0 29 758
14 0 0 30 759
14 0 0 31 760
14 0 0 32 761
14 0 0 33 762
14 0 0 34 763
14 0 0 35 764
14 0 0 36 765
14 0 0 37 766
14 0 0 38 767
14 0 0 39 768
14 0 0 40 769
14 0 0 41 770
14 0 0 42 771
14 0 0 43 772
14 0 0 44 773
14 0 0 45 774
14 0 0 46 775
14 0 0 47 776
14 0 0 48 777
14 0 0 49 778
14 0 0 50 779
14 0 0 51 780
15 0 0 0 781
15 0 0 1 782
15 0 0 2 783
15 0 0 3 784
15 0 0 4 785
15 0 0 5 786
15 0 0 6 787
15 0 0 7 788
15 0 0 8 789
15 0 0 9 790
15 0 0 10 791
15 0 0 11 792
15 0 0 12 793
15 0 0 13 794
15 0 0 14 795
15 0 0 15 796
15 0 0 16 797
15 0 0 17 798
15 0 0 18 799
15 0 0 19 800
15 0 0 20 801
15 0 0 21 802
15 0 0 22 803
15 0 0 23 804
15 0 0 24 805
15 0 0 25 806
15 0 0 26 807
15 0 0 27 808
15 0 0 28 809
15 0 0 29 810
15 0 0 30 811
15 0 0 31 812
15 0 0 32 813
15 0 0 33 814
15 0 0 34 815
15 0 0 35 816
15 0 0 36 817
15 0 0 37 818
15 0 0 38 819
15 0 0 39 820
15 0 0 40 821
15 0 0 41 822
15 0 0 42 823
15 0 0 43 824
15 0 0 44 825
15 0 0 45 826
15 0 0 46 827
15 0 0 47 828
15 0 0 48 829
15 0 0 49 830
15 0 0 50 831
15 0 0 51 832
16 0 0 0 833
16 0 0 1 834
16 0 0 2 835
16 0 0 3 836
16 0 0 4 837
16 0 0 5 838
16 0 0 6 839
16 0 0 7 840
16 0 0 8 841
16 0 0 9 842
16 0 0 10 843
16 0 0 11 844
16 0 0 12 845
16 0 0 13 846
16 0 0 14 847
16 0 0 15 848
16 0 0 16 849
16 0 0 17 850
16 0 0 18 851
16 0 0 19 852
16 0 0 20 853
16 0 0 21 854
16 0 0 22 855
16 0 0 23 856
16 0 0 24 857
16 0 0 25 858
16 0 0 26 859
16 0 0 27 860
16 0 0 28 861
16 0 0 29 862
16 0 0 30 863
16 0 0 31 864
16 0 0 32 865
16 0 0 33 866
16 0 0 34 867
16 0 0 35 868
16 0 0 36 869
16 0 0 37 870
16 0 0 38 871
16 0 0 39 872
16 0 0 40 873
16 0 0 41 874
16 0 0 42 875
16 0 0 43 876
16 0 0 44 877
16 0 0 45 878
16 0 0 46 879
16 0 0 47 880
16 0 0 48 881
16 0 0 49 882
16 0 0 50 883
16 0 0 51 884
17 0 0 0 885
17 0 0 1 886
17 0 0 2 887
17 0 0 3 888
17 0 0 4 889
17 0 0 5 890
17 0 0 6 891
17 0 0 7 892
17 0 0 8 893
17 0 0 9 894
17 0 0 10 895
17 0 0 11 896
17 0 0 12 897
17 0 0 13 898
17 0 0 14 899
17 0 0 15 900
17 0 0 16 901
17 0 0 17 902
17 0 0 18 903
17 0 0 19 904
17 0 0 20 905
17 0 0 21 906
17 0 0 22 907
17 0 0 23 908
17 0 0 24 909
17 0 0 25 910
17 0 0 26 911
17 0 0 27 912
17 0 0 28 913
17 0 0 29 914
17 0 0 30 915
17 0 0 31 916
17 0 0 32 917
17 0 0 33 918
17 0 0 34 919
17 0 0 35 920
17 0 0 36 921
17 0 0 37 922
17 0 0 38 923
17 0 0 39 924
17 0 0 40 925
17 0 0 41 926
17 0 0 42 927
17 0 0 43 928
17 0 0 44 929
17 0 0 45 930
17 0 0 46 931
17 0 0 47 932
17 0 0 48 933
17 0 0 49 934
17 0 0 50 935
17 0 0 51 936
18 0 0 0 937
18 0 0 1 938
18 0 0 2 939
18 0 0 3 940
18 0 0 4 941
18 0 0 5 942
18 0 0 6 943
18 0 0 7 944
18 0 0 8 945
18 0 0 9 946
18 0 0 10 947
18 0 0 11 948
18 0 0 12 949
18 0 0 13 950
18 0 0 14 951
18 0 0 15 952
18 0 0 16 953
18 0 0 17 954
18 0 0 18 955
18 0 0 19 956
18 0 0 20 957
18 0 0 21 958
18 0 0 22 959
18 0 0 23 960
18 0 0 24 961
18 0 0 25 962
18 0 0 26 963
18 0 0 27 964
18 0 0 28 965
18 0 0 29 966
18 0 0 30 967
18 0 0 31 968
18 0 0 32 969
18 0 0 33 970
18 0 0 34 971
18 0 0 35 972
18 0 0 36 973
18 0 0 37 974
18 0 0 38 975
18 0 0 39 976
18 0 0 40 977
18 0 0 41 978
18 0 0 42 979
18 0 0 43 980
18 0 0 44 981
18 0 0 45 982
18 0 0 46 983
18 0 0 47 984
18 0 0 48 985
18 0 0 49 986
18 0 0 50 987
18 0 0 51 988
19 0 0 0 989
19 0 0 1 990
19 0 0 2 991
19 0 0 3 992
19 0 0 4 993
19 0 0 5 994
19 0 0 6 995
19 0 0 7 996
19 0 0 8 997
19 0 0 9 998
19 0 0 10 999
19 0 0 11 1000
19 0 0 12 1001
19 0 0 13 1002
19 0 0 14 1003
19 0 0 15 1004
19 0 0 16 1005
19 0 0 17 1006
19 0 0 18 1007
19 0 0 19 1008
19 0 0 20 1009
19 0 0 21 1010
19 0 0 22 1011
19 0 0 23 1012
19 0 0 24 1013
19 0 0 25 1014
19 0 0 26 1015
19 0 0 27 1016
19 0 0 28 1017
19 0 0 29 1018
19 0 0 30 1019
19 0 0 31 1020
19 0 0 32 1021
19 0 0 33 1022
19 0 0 34 1023
19 0 0 35 1024
19 0 0 36 1025
19 0 0 37 1026
19 0 0 38 1027
19 0 0 39 1028
19 0 0 40 1029
19 0 0 41 1030
19 0 0 42 1031
19 0 0 43 1032
19 0 0 44 1033
19 0 0 45 1034
19 0 0 46 1035
19 0 0 47 1036
19 0 0 48 1037
19 0 0 49 1038
19 0 0 50 1039
19 0 0 51 1040
20 0 0 0 1041
20 0 0 1 1042
20 0 0 2 1043
20 0 0 3 1044
20 0 0 4 1045
20 0 0 5 1046
20 0 0 6 1047
20 0 0 7 1048
20 0 0 8 1049
20 0 0 9 1050
20 0 0 10 1051
20 0 0 11 1052
20 0 0 12 1053
20 0 0 13 1054
20 0 0 14 1055
20 0 0 15 1056
20 0 0 16 1057
20 0 0 17 1058
20 0 0 18 1059
20 0 0 19 1060
20 0 0 20 1061
20 0 0 21 1062
20 0 0 22 1063
20 0 0 23 1064
20 0 0 24 1065
20 0 0 25 1066
20 0 0 26 1067
20 0 0 27 1068
20 0 0 28 1069
20 0 0 29 1070
20 0 0 30 1071
20 0 0 31 1072
20 0 0 32 1073
20 0 0 33 1074
20 0 0 34 1075
20 0 0 35 1076
20 0 0 36 1077
20 0 0 37 1078
20 0 0 38 1079
20 0 0 39 1080
20 0 0 40 1081
20 0 0 41 1082
20 0 0 42 1083
20 0 0 43 1084
20 0 0 44 1085
20 0 0 45 1086
20 0 0 46 1087
20 0 0 47 1088
20 0 0 48 1089
20 0 0 49 1090
20 0 0 50 1091
20 0 0 51 1092
21 0 0 0 1093
21 0 0 1 1094
21 0 0 2 1095
21 0 0 3 1096
21 0 0 4 1097
21 0 0 5 1098
21 0 0 6 1099
21 0 0 7 1100
21 0 0 8 1101
21 0 0 9 1102
21 0 0 10 1103
21 0 0 11 1104
21 0 0 12 1105
21 0 0 13 1106
21 0 0 14 1107
21 0 0 15 1108
21 0 0 16 1109
21 0 0 17 1110
21 0 0 18 1111
21 0 0 19 1112
21 0 0 20 1113
21 0 0 21 1114
21 0 0 22 1115
21 0 0 23 1116
21 0 0 24 1117
21 0 0 25 1118
21 0 0 26 1119
21 0 0 27 1120
21 0 0 28 1121
21 0 0 29 1122
21 0 0 30 1123
21 0 0 31 1124
21 0 0 32 1125
21 0 0 33 1126
21 0 0 34 1127
21 0 0 35 1128
21 0 0 36 1129
21 0 0 37 1130
21 0 0 38 1131
21 0 0 39 1132
21 0 0 40 1133
21 0 0 41 1134
21 0 0 42 1135
21 0 0 43 1136
21 0 0 44 1137
21 0 0 45 1138
21 0 0 46 1139
21 0 0 47 1140
21 0 0 48 1141
21 0 0 49 1142
21 0 0 50 1143
21 0 0 51 1144
