1.0
17.736301	0.0	0.0
0.000000	30.720174	0.0
0.000000	0.000000	100.000000
104	104
0.0576925	0.115384501	0
0.019231	0.0384615	0
0.326922498	0.153846001	0
0.288461498	0.076923001	0
0.423076997	0.096154001	0
0.192307499	0.134615501	0
0.153845999	0.057692	0
0.461538497	0.173077001	0
0.384615497	0.019231	0
0.115384499	0.480769004	0
0.480768997	0.461538504	0
0.307692498	0.365384503	0
0.211538499	0.423077004	0
0.076922999	0.403846003	0
0.038461	0.326923003	0
0.346153998	0.442307504	0
0.173076999	0.346153503	0
0.442307497	0.384615503	0
0.365384497	0.230769002	0
0.269230498	0.288461502	0
0.403845997	0.307692003	0
0.096153999	0.192307502	0
0.230768998	0.211538502	0
0.134615499	0.269230502	0
0	0.250000002	0
0.250000498	0	0
0.557692496	0.115384501	0
0.519230996	0.0384615	0
0.826922494	0.153846001	0
0.788461495	0.076923001	0
0.923076994	0.096154001	0
0.692307495	0.134615501	0
0.653845996	0.057692	0
0.961538493	0.173077001	0
0.884615494	0.019231	0
0.615384496	0.480769004	0
0.980768993	0.461538504	0
0.807692494	0.365384503	0
0.711538495	0.423077004	0
0.576922996	0.403846003	0
0.538460996	0.326923003	0
0.846153994	0.442307504	0
0.673076995	0.346153503	0
0.942307494	0.384615503	0
0.865384494	0.230769002	0
0.769230495	0.288461502	0
0.903845994	0.307692003	0
0.596153996	0.192307502	0
0.730768995	0.211538502	0
0.634615496	0.269230502	0
0.499999997	0.250000002	0
0.750000495	0	0
0.0576925	0.615384505	0
0.019231	0.538461505	0
0.326922498	0.653846006	0
0.288461498	0.576923005	0
0.423076997	0.596154005	0
0.192307499	0.634615505	0
0.153845999	0.557692005	0
0.461538497	0.673077006	0
0.384615497	0.519231004	0
0.115384499	0.980769008	0
0.480768997	0.961538508	0
0.307692498	0.865384507	0
0.211538499	0.923077008	0
0.076922999	0.903846008	0
0.038461	0.826923007	0
0.346153998	0.942307508	0
0.173076999	0.846153507	0
0.442307497	0.884615507	0
0.365384497	0.730769006	0
0.269230498	0.788461507	0
0.403845997	0.807692007	0
0.096153999	0.692307506	0
0.230768998	0.711538506	0
0.134615499	0.769230506	0
0	0.750000006	0
0.250000498	0.500000004	0
0.557692496	0.615384505	0
0.519230996	0.538461505	0
0.826922494	0.653846006	0
0.788461495	0.576923005	0
0.923076994	0.596154005	0
0.692307495	0.634615505	0
0.653845996	0.557692005	0
0.961538493	0.673077006	0
0.884615494	0.519231004	0
0.615384496	0.980769008	0
0.980768993	0.961538508	0
0.807692494	0.865384507	0
0.711538495	0.923077008	0
0.576922996	0.903846008	0
0.538460996	0.826923007	0
0.846153994	0.942307508	0
0.673076995	0.846153507	0
0.942307494	0.884615507	0
0.865384494	0.730769006	0
0.769230495	0.788461507	0
0.903845994	0.807692007	0
0.596153996	0.692307506	0
0.730768995	0.711538506	0
0.634615496	0.769230506	0
0.499999997	0.750000006	0
0.750000495	0.500000004	0
0.403845997	0.141025501	0
0.269230498	0.121795001	0
0.134615499	0.102564001	0
0.307692498	0.198718002	0
0.173076999	0.179487002	0
0.038461	0.160256501	0
0.442307497	0.217948502	0
0.230768998	0.0448715	0
0.096153999	0.025641	0
0.461538497	0.00641	0
0.365384497	0.064102501	0
0.192307499	0.467948504	0
0.0576925	0.448718004	0
0.019231	0.371795003	0
0.153845999	0.391025503	0
0.326922498	0.487179504	0
0.288461498	0.410256503	0
0.423076997	0.429487004	0
0.480768997	0.294871502	0
0.384615497	0.352564003	0
0.211538499	0.256410002	0
0.346153998	0.275641002	0
0.076922999	0.237179502	0
0.115384499	0.314102503	0
0	0.083333501	0
0.250000498	0.333333503	0
0.903845994	0.141025501	0
0.769230495	0.121795001	0
0.634615496	0.102564001	0
0.807692494	0.198718002	0
0.673076995	0.179487002	0
0.538460996	0.160256501	0
0.942307494	0.217948502	0
0.730768995	0.0448715	0
0.596153996	0.025641	0
0.961538493	0.00641	0
0.865384494	0.064102501	0
0.692307495	0.467948504	0
0.557692496	0.448718004	0
0.519230996	0.371795003	0
0.653845996	0.391025503	0
0.826922494	0.487179504	0
0.788461495	0.410256503	0
0.923076994	0.429487004	0
0.980768993	0.294871502	0
0.884615494	0.352564003	0
0.711538495	0.256410002	0
0.846153994	0.275641002	0
0.576922996	0.237179502	0
0.615384496	0.314102503	0
0.499999997	0.083333501	0
0.750000495	0.333333503	0
0.403845997	0.641025505	0
0.269230498	0.621795005	0
0.134615499	0.602564005	0
0.307692498	0.698718006	0
0.173076999	0.679487006	0
0.038461	0.660256506	0
0.442307497	0.717948506	0
0.230768998	0.544871505	0
0.096153999	0.525641004	0
0.461538497	0.506410004	0
0.365384497	0.564102505	0
0.192307499	0.967948508	0
0.0576925	0.948718008	0
0.019231	0.871795007	0
0.153845999	0.891025508	0
0.326922498	0.987179508	0
0.288461498	0.910256508	0
0.423076997	0.929487008	0
0.480768997	0.794871507	0
0.384615497	0.852564007	0
0.211538499	0.756410006	0
0.346153998	0.775641007	0
0.076922999	0.737179506	0
0.115384499	0.814102507	0
0	0.583333505	0
0.250000498	0.833333507	0
0.903845994	0.641025505	0
0.769230495	0.621795005	0
0.634615496	0.602564005	0
0.807692494	0.698718006	0
0.673076995	0.679487006	0
0.538460996	0.660256506	0
0.942307494	0.717948506	0
0.730768995	0.544871505	0
0.596153996	0.525641004	0
0.961538493	0.506410004	0
0.865384494	0.564102505	0
0.692307495	0.967948508	0
0.557692496	0.948718008	0
0.519230996	0.871795007	0
0.653845996	0.891025508	0
0.826922494	0.987179508	0
0.788461495	0.910256508	0
0.923076994	0.929487008	0
0.980768993	0.794871507	0
0.884615494	0.852564007	0
0.711538495	0.756410006	0
0.846153994	0.775641007	0
0.576922996	0.737179506	0
0.615384496	0.814102507	0
0.499999997	0.583333505	0
0.750000495	0.833333507	0
